id,Actual Count,Result at conf = 0.0275,Difference,Percentage Error,,Result at conf = 0.1,Difference,Percentage Error,,Result at conf = 0.025,Difference,Percentage Error,,Result at conf = 0.0225,Difference,Percentage Error,
1,35,29,6,0.1714,,22,13,0.3714,,29,6,0.1714,,30,5,0.1429,
2,41,34,7,0.1707,,25,16,0.3902,,34,7,0.1707,,35,6,0.1463,
3,41,31,10,0.2439,,23,18,0.4390,,31,10,0.2439,,33,8,0.1951,
4,44,38,6,0.1364,,22,22,0.5000,,38,6,0.1364,,43,1,0.0227,
5,41,25,16,0.3902,,18,23,0.5610,,26,15,0.3659,,28,13,0.3171,
6,41,26,15,0.3659,,20,21,0.5122,,28,13,0.3171,,31,10,0.2439,
7,35,31,4,0.1143,,18,17,0.4857,,31,4,0.1143,,34,1,0.0286,
8,36,31,5,0.1389,,23,13,0.3611,,31,5,0.1389,,32,4,0.1111,
9,27,21,6,0.2222,,15,12,0.4444,,21,6,0.2222,,24,3,0.1111,
10,24,29,-5,0.2083,,19,5,0.2083,,30,-6,0.2500,,32,-8,0.3333,
11,16,24,-8,0.5000,,15,1,0.0625,,25,-9,0.5625,,32,-16,1.0000,
12,22,25,-3,0.1364,,17,5,0.2273,,25,-3,0.1364,,27,-5,0.2273,
13,23,22,1,0.0435,,18,5,0.2174,,23,0,0.0000,,24,-1,0.0435,
14,25,25,0,0.0000,,18,7,0.2800,,26,-1,0.0400,,28,-3,0.1200,
15,15,28,-13,0.8667,,14,1,0.0667,,28,-13,0.8667,,30,-15,1.0000,
16,16,25,-9,0.5625,,13,3,0.1875,,27,-11,0.6875,,28,-12,0.7500,
17,15,20,-5,0.3333,,13,2,0.1333,,21,-6,0.4000,,22,-7,0.4667,
18,25,26,-1,0.0400,,18,7,0.2800,,26,-1,0.0400,,27,-2,0.0800,
19,31,32,-1,0.0323,,20,11,0.3548,,34,-3,0.0968,,36,-5,0.1613,
20,25,28,-3,0.1200,,19,6,0.2400,,29,-4,0.1600,,29,-4,0.1600,
21,24,27,-3,0.1250,,22,2,0.0833,,27,-3,0.1250,,28,-4,0.1667,
22,26,23,3,0.1154,,15,11,0.4231,,24,2,0.0769,,26,0,0.0000,
23,23,24,-1,0.0435,,17,6,0.2609,,24,-1,0.0435,,27,-4,0.1739,
24,23,26,-3,0.1304,,20,3,0.1304,,27,-4,0.1739,,31,-8,0.3478,
25,22,29,-7,0.3182,,15,7,0.3182,,29,-7,0.3182,,30,-8,0.3636,
26,23,23,0,0.0000,,14,9,0.3913,,26,-3,0.1304,,28,-5,0.2174,
27,21,23,-2,0.0952,,16,5,0.2381,,24,-3,0.1429,,27,-6,0.2857,
28,23,23,0,0.0000,,13,10,0.4348,,24,-1,0.0435,,27,-4,0.1739,
29,26,22,4,0.1538,,18,8,0.3077,,23,3,0.1154,,24,2,0.0769,
30,27,24,3,0.1111,,18,9,0.3333,,24,3,0.1111,,24,3,0.1111,
31,23,22,1,0.0435,,15,8,0.3478,,23,0,0.0000,,24,-1,0.0435,
32,22,19,3,0.1364,,14,8,0.3636,,20,2,0.0909,,21,1,0.0455,
33,21,19,2,0.0952,,14,7,0.3333,,20,1,0.0476,,23,-2,0.0952,
34,19,25,-6,0.3158,,14,5,0.2632,,25,-6,0.3158,,28,-9,0.4737,
35,19,23,-4,0.2105,,14,5,0.2632,,24,-5,0.2632,,25,-6,0.3158,
36,23,18,5,0.2174,,15,8,0.3478,,19,4,0.1739,,21,2,0.0870,
37,25,22,3,0.1200,,18,7,0.2800,,23,2,0.0800,,26,-1,0.0400,
38,25,26,-1,0.0400,,19,6,0.2400,,27,-2,0.0800,,28,-3,0.1200,
39,27,28,-1,0.0370,,22,5,0.1852,,29,-2,0.0741,,31,-4,0.1481,
40,25,26,-1,0.0400,,19,6,0.2400,,27,-2,0.0800,,28,-3,0.1200,
41,24,21,3,0.1250,,17,7,0.2917,,22,2,0.0833,,23,1,0.0417,
42,21,17,4,0.1905,,14,7,0.3333,,18,3,0.1429,,19,2,0.0952,
43,20,21,-1,0.0500,,15,5,0.2500,,21,-1,0.0500,,22,-2,0.1000,
44,20,27,-7,0.3500,,13,7,0.3500,,27,-7,0.3500,,29,-9,0.4500,
45,24,19,5,0.2083,,16,8,0.3333,,19,5,0.2083,,20,4,0.1667,
46,22,21,1,0.0455,,14,8,0.3636,,21,1,0.0455,,24,-2,0.0909,
47,21,23,-2,0.0952,,14,7,0.3333,,24,-3,0.1429,,26,-5,0.2381,
48,18,22,-4,0.2222,,13,5,0.2778,,22,-4,0.2222,,23,-5,0.2778,
49,28,26,2,0.0714,,16,12,0.4286,,26,2,0.0714,,27,1,0.0357,
50,25,26,-1,0.0400,,18,7,0.2800,,27,-2,0.0800,,29,-4,0.1600,
51,19,24,-5,0.2632,,13,6,0.3158,,25,-6,0.3158,,27,-8,0.4211,
52,15,22,-7,0.4667,,10,5,0.3333,,23,-8,0.5333,,23,-8,0.5333,
53,17,17,0,0.0000,,13,4,0.2353,,18,-1,0.0588,,19,-2,0.1176,
54,18,18,0,0.0000,,12,6,0.3333,,18,0,0.0000,,18,0,0.0000,
55,24,20,4,0.1667,,16,8,0.3333,,20,4,0.1667,,22,2,0.0833,
56,27,19,8,0.2963,,15,12,0.4444,,19,8,0.2963,,21,6,0.2222,
57,23,23,0,0.0000,,17,6,0.2609,,24,-1,0.0435,,25,-2,0.0870,
58,28,23,5,0.1786,,18,10,0.3571,,23,5,0.1786,,24,4,0.1429,
59,27,20,7,0.2593,,17,10,0.3704,,20,7,0.2593,,21,6,0.2222,
60,16,14,2,0.1250,,11,5,0.3125,,15,1,0.0625,,17,-1,0.0625,
61,16,17,-1,0.0625,,10,6,0.3750,,17,-1,0.0625,,18,-2,0.1250,
62,16,15,1,0.0625,,10,6,0.3750,,15,1,0.0625,,18,-2,0.1250,
63,22,23,-1,0.0455,,13,9,0.4091,,23,-1,0.0455,,26,-4,0.1818,
64,23,19,4,0.1739,,15,8,0.3478,,19,4,0.1739,,21,2,0.0870,
65,31,23,8,0.2581,,18,13,0.4194,,23,8,0.2581,,24,7,0.2258,
66,27,23,4,0.1481,,17,10,0.3704,,23,4,0.1481,,25,2,0.0741,
67,33,24,9,0.2727,,17,16,0.4848,,25,8,0.2424,,25,8,0.2424,
68,36,25,11,0.3056,,21,15,0.4167,,25,11,0.3056,,27,9,0.2500,
69,36,30,6,0.1667,,21,15,0.4167,,30,6,0.1667,,30,6,0.1667,
70,36,27,9,0.2500,,22,14,0.3889,,27,9,0.2500,,29,7,0.1944,
71,34,25,9,0.2647,,16,18,0.5294,,25,9,0.2647,,29,5,0.1471,
72,34,24,10,0.2941,,19,15,0.4412,,24,10,0.2941,,26,8,0.2353,
73,46,29,17,0.3696,,14,32,0.6957,,32,14,0.3043,,32,14,0.3043,
74,42,27,15,0.3571,,20,22,0.5238,,29,13,0.3095,,30,12,0.2857,
75,48,36,12,0.2500,,21,27,0.5625,,36,12,0.2500,,39,9,0.1875,
76,44,31,13,0.2955,,19,25,0.5682,,31,13,0.2955,,33,11,0.2500,
77,37,28,9,0.2432,,19,18,0.4865,,28,9,0.2432,,30,7,0.1892,
78,33,25,8,0.2424,,19,14,0.4242,,25,8,0.2424,,25,8,0.2424,
79,35,26,9,0.2571,,21,14,0.4000,,26,9,0.2571,,29,6,0.1714,
80,34,27,7,0.2059,,18,16,0.4706,,28,6,0.1765,,29,5,0.1471,
81,37,28,9,0.2432,,22,15,0.4054,,28,9,0.2432,,32,5,0.1351,
82,35,30,5,0.1429,,25,10,0.2857,,31,4,0.1143,,31,4,0.1143,
83,39,32,7,0.1795,,23,16,0.4103,,34,5,0.1282,,35,4,0.1026,
84,44,33,11,0.2500,,24,20,0.4545,,33,11,0.2500,,33,11,0.2500,
85,31,28,3,0.0968,,20,11,0.3548,,28,3,0.0968,,31,0,0.0000,
86,34,27,7,0.2059,,20,14,0.4118,,28,6,0.1765,,29,5,0.1471,
87,31,27,4,0.1290,,19,12,0.3871,,27,4,0.1290,,31,0,0.0000,
88,31,25,6,0.1935,,18,13,0.4194,,26,5,0.1613,,30,1,0.0323,
89,32,26,6,0.1875,,19,13,0.4063,,27,5,0.1563,,30,2,0.0625,
90,28,24,4,0.1429,,17,11,0.3929,,24,4,0.1429,,25,3,0.1071,
91,30,27,3,0.1000,,19,11,0.3667,,29,1,0.0333,,30,0,0.0000,
92,26,22,4,0.1538,,16,10,0.3846,,23,3,0.1154,,27,-1,0.0385,
93,26,25,1,0.0385,,17,9,0.3462,,25,1,0.0385,,25,1,0.0385,
94,30,25,5,0.1667,,20,10,0.3333,,25,5,0.1667,,28,2,0.0667,
95,33,30,3,0.0909,,19,14,0.4242,,31,2,0.0606,,31,2,0.0606,
96,25,24,1,0.0400,,17,8,0.3200,,24,1,0.0400,,27,-2,0.0800,
97,28,21,7,0.2500,,19,9,0.3214,,21,7,0.2500,,22,6,0.2143,
98,30,23,7,0.2333,,18,12,0.4000,,24,6,0.2000,,27,3,0.1000,
99,31,32,-1,0.0323,,22,9,0.2903,,32,-1,0.0323,,36,-5,0.1613,
100,32,27,5,0.1563,,21,11,0.3438,,28,4,0.1250,,31,1,0.0313,
101,28,29,-1,0.0357,,21,7,0.2500,,29,-1,0.0357,,31,-3,0.1071,
102,26,28,-2,0.0769,,20,6,0.2308,,29,-3,0.1154,,31,-5,0.1923,
103,21,22,-1,0.0476,,16,5,0.2381,,22,-1,0.0476,,24,-3,0.1429,
104,22,21,1,0.0455,,15,7,0.3182,,21,1,0.0455,,22,0,0.0000,
105,20,24,-4,0.2000,,16,4,0.2000,,24,-4,0.2000,,28,-8,0.4000,
106,21,19,2,0.0952,,16,5,0.2381,,22,-1,0.0476,,22,-1,0.0476,
107,21,31,-10,0.4762,,17,4,0.1905,,31,-10,0.4762,,32,-11,0.5238,
108,32,28,4,0.1250,,18,14,0.4375,,28,4,0.1250,,28,4,0.1250,
109,29,28,1,0.0345,,21,8,0.2759,,28,1,0.0345,,32,-3,0.1034,
110,26,20,6,0.2308,,18,8,0.3077,,20,6,0.2308,,21,5,0.1923,
111,24,26,-2,0.0833,,14,10,0.4167,,29,-5,0.2083,,29,-5,0.2083,
112,27,27,0,0.0000,,18,9,0.3333,,27,0,0.0000,,28,-1,0.0370,
113,40,32,8,0.2000,,22,18,0.4500,,34,6,0.1500,,35,5,0.1250,
114,46,31,15,0.3261,,18,28,0.6087,,32,14,0.3043,,34,12,0.2609,
115,33,34,-1,0.0303,,24,9,0.2727,,35,-2,0.0606,,37,-4,0.1212,
116,30,30,0,0.0000,,24,6,0.2000,,31,-1,0.0333,,34,-4,0.1333,
117,37,40,-3,0.0811,,28,9,0.2432,,40,-3,0.0811,,41,-4,0.1081,
118,41,34,7,0.1707,,24,17,0.4146,,35,6,0.1463,,37,4,0.0976,
119,40,36,4,0.1000,,29,11,0.2750,,36,4,0.1000,,39,1,0.0250,
120,37,38,-1,0.0270,,25,12,0.3243,,38,-1,0.0270,,43,-6,0.1622,
121,34,32,2,0.0588,,24,10,0.2941,,32,2,0.0588,,36,-2,0.0588,
122,33,34,-1,0.0303,,24,9,0.2727,,34,-1,0.0303,,35,-2,0.0606,
123,36,33,3,0.0833,,25,11,0.3056,,34,2,0.0556,,36,0,0.0000,
124,31,28,3,0.0968,,22,9,0.2903,,30,1,0.0323,,32,-1,0.0323,
125,31,27,4,0.1290,,19,12,0.3871,,27,4,0.1290,,28,3,0.0968,
126,28,26,2,0.0714,,21,7,0.2500,,27,1,0.0357,,30,-2,0.0714,
127,29,27,2,0.0690,,20,9,0.3103,,29,0,0.0000,,29,0,0.0000,
128,32,26,6,0.1875,,23,9,0.2813,,26,6,0.1875,,27,5,0.1563,
129,34,32,2,0.0588,,26,8,0.2353,,34,0,0.0000,,34,0,0.0000,
130,38,29,9,0.2368,,21,17,0.4474,,29,9,0.2368,,30,8,0.2105,
131,35,34,1,0.0286,,22,13,0.3714,,36,-1,0.0286,,37,-2,0.0571,
132,36,31,5,0.1389,,24,12,0.3333,,31,5,0.1389,,34,2,0.0556,
133,44,36,8,0.1818,,27,17,0.3864,,37,7,0.1591,,38,6,0.1364,
134,39,32,7,0.1795,,24,15,0.3846,,32,7,0.1795,,33,6,0.1538,
135,33,41,-8,0.2424,,28,5,0.1515,,42,-9,0.2727,,43,-10,0.3030,
136,41,36,5,0.1220,,27,14,0.3415,,36,5,0.1220,,36,5,0.1220,
137,40,33,7,0.1750,,22,18,0.4500,,33,7,0.1750,,44,-4,0.1000,
138,41,38,3,0.0732,,25,16,0.3902,,39,2,0.0488,,39,2,0.0488,
139,41,35,6,0.1463,,21,20,0.4878,,37,4,0.0976,,43,-2,0.0488,
140,43,39,4,0.0930,,24,19,0.4419,,39,4,0.0930,,43,0,0.0000,
141,39,38,1,0.0256,,25,14,0.3590,,41,-2,0.0513,,43,-4,0.1026,
142,33,30,3,0.0909,,24,9,0.2727,,31,2,0.0606,,33,0,0.0000,
143,26,29,-3,0.1154,,21,5,0.1923,,30,-4,0.1538,,31,-5,0.1923,
144,29,35,-6,0.2069,,23,6,0.2069,,36,-7,0.2414,,36,-7,0.2414,
145,34,34,0,0.0000,,22,12,0.3529,,34,0,0.0000,,35,-1,0.0294,
146,35,38,-3,0.0857,,25,10,0.2857,,41,-6,0.1714,,41,-6,0.1714,
147,26,31,-5,0.1923,,18,8,0.3077,,31,-5,0.1923,,36,-10,0.3846,
148,33,37,-4,0.1212,,25,8,0.2424,,37,-4,0.1212,,37,-4,0.1212,
149,37,35,2,0.0541,,24,13,0.3514,,37,0,0.0000,,38,-1,0.0270,
150,35,33,2,0.0571,,23,12,0.3429,,33,2,0.0571,,34,1,0.0286,
151,32,24,8,0.2500,,16,16,0.5000,,24,8,0.2500,,28,4,0.1250,
152,29,30,-1,0.0345,,20,9,0.3103,,31,-2,0.0690,,33,-4,0.1379,
153,30,34,-4,0.1333,,23,7,0.2333,,35,-5,0.1667,,37,-7,0.2333,
154,29,34,-5,0.1724,,21,8,0.2759,,35,-6,0.2069,,35,-6,0.2069,
155,29,27,2,0.0690,,21,8,0.2759,,27,2,0.0690,,31,-2,0.0690,
156,29,31,-2,0.0690,,19,10,0.3448,,31,-2,0.0690,,32,-3,0.1034,
157,29,22,7,0.2414,,16,13,0.4483,,24,5,0.1724,,26,3,0.1034,
158,35,32,3,0.0857,,22,13,0.3714,,32,3,0.0857,,37,-2,0.0571,
159,28,30,-2,0.0714,,24,4,0.1429,,31,-3,0.1071,,32,-4,0.1429,
160,32,29,3,0.0938,,23,9,0.2813,,29,3,0.0938,,31,1,0.0313,
161,33,30,3,0.0909,,21,12,0.3636,,31,2,0.0606,,34,-1,0.0303,
162,35,36,-1,0.0286,,28,7,0.2000,,36,-1,0.0286,,37,-2,0.0571,
163,36,31,5,0.1389,,22,14,0.3889,,32,4,0.1111,,33,3,0.0833,
164,35,29,6,0.1714,,21,14,0.4000,,31,4,0.1143,,32,3,0.0857,
165,37,30,7,0.1892,,20,17,0.4595,,30,7,0.1892,,31,6,0.1622,
166,42,31,11,0.2619,,24,18,0.4286,,31,11,0.2619,,35,7,0.1667,
167,43,35,8,0.1860,,22,21,0.4884,,36,7,0.1628,,36,7,0.1628,
168,39,36,3,0.0769,,21,18,0.4615,,36,3,0.0769,,36,3,0.0769,
169,38,33,5,0.1316,,20,18,0.4737,,34,4,0.1053,,37,1,0.0263,
170,34,32,2,0.0588,,20,14,0.4118,,32,2,0.0588,,32,2,0.0588,
171,31,32,-1,0.0323,,22,9,0.2903,,33,-2,0.0645,,36,-5,0.1613,
172,29,29,0,0.0000,,17,12,0.4138,,29,0,0.0000,,29,0,0.0000,
173,29,29,0,0.0000,,18,11,0.3793,,29,0,0.0000,,32,-3,0.1034,
174,31,28,3,0.0968,,20,11,0.3548,,30,1,0.0323,,31,0,0.0000,
175,36,33,3,0.0833,,22,14,0.3889,,33,3,0.0833,,35,1,0.0278,
176,36,35,1,0.0278,,22,14,0.3889,,37,-1,0.0278,,38,-2,0.0556,
177,37,34,3,0.0811,,23,14,0.3784,,34,3,0.0811,,35,2,0.0541,
178,42,37,5,0.1190,,28,14,0.3333,,40,2,0.0476,,43,-1,0.0238,
179,45,37,8,0.1778,,23,22,0.4889,,38,7,0.1556,,42,3,0.0667,
180,44,39,5,0.1136,,25,19,0.4318,,39,5,0.1136,,41,3,0.0682,
181,53,37,16,0.3019,,21,32,0.6038,,37,16,0.3019,,38,15,0.2830,
182,47,38,9,0.1915,,20,27,0.5745,,39,8,0.1702,,41,6,0.1277,
183,36,31,5,0.1389,,22,14,0.3889,,31,5,0.1389,,31,5,0.1389,
184,31,32,-1,0.0323,,21,10,0.3226,,32,-1,0.0323,,35,-4,0.1290,
185,39,29,10,0.2564,,20,19,0.4872,,32,7,0.1795,,33,6,0.1538,
186,37,28,9,0.2432,,21,16,0.4324,,28,9,0.2432,,29,8,0.2162,
187,38,31,7,0.1842,,19,19,0.5000,,31,7,0.1842,,33,5,0.1316,
188,33,30,3,0.0909,,20,13,0.3939,,30,3,0.0909,,30,3,0.0909,
189,34,29,5,0.1471,,21,13,0.3824,,30,4,0.1176,,31,3,0.0882,
190,26,27,-1,0.0385,,17,9,0.3462,,30,-4,0.1538,,36,-10,0.3846,
191,28,35,-7,0.2500,,21,7,0.2500,,37,-9,0.3214,,40,-12,0.4286,
192,28,29,-1,0.0357,,16,12,0.4286,,30,-2,0.0714,,33,-5,0.1786,
193,31,32,-1,0.0323,,18,13,0.4194,,34,-3,0.0968,,37,-6,0.1935,
194,36,31,5,0.1389,,21,15,0.4167,,33,3,0.0833,,35,1,0.0278,
195,38,24,14,0.3684,,16,22,0.5789,,26,12,0.3158,,27,11,0.2895,
196,37,30,7,0.1892,,23,14,0.3784,,30,7,0.1892,,31,6,0.1622,
197,36,31,5,0.1389,,21,15,0.4167,,33,3,0.0833,,36,0,0.0000,
198,25,30,-5,0.2000,,26,-1,0.0400,,30,-5,0.2000,,31,-6,0.2400,
199,27,25,2,0.0741,,20,7,0.2593,,25,2,0.0741,,29,-2,0.0741,
200,31,32,-1,0.0323,,18,13,0.4194,,32,-1,0.0323,,35,-4,0.1290,
201,31,24,7,0.2258,,19,12,0.3871,,25,6,0.1935,,28,3,0.0968,
202,31,29,2,0.0645,,19,12,0.3871,,29,2,0.0645,,30,1,0.0323,
203,30,25,5,0.1667,,18,12,0.4000,,25,5,0.1667,,31,-1,0.0333,
204,31,25,6,0.1935,,18,13,0.4194,,25,6,0.1935,,26,5,0.1613,
205,30,27,3,0.1000,,20,10,0.3333,,29,1,0.0333,,33,-3,0.1000,
206,31,29,2,0.0645,,22,9,0.2903,,29,2,0.0645,,32,-1,0.0323,
207,27,28,-1,0.0370,,20,7,0.2593,,32,-5,0.1852,,34,-7,0.2593,
208,24,24,0,0.0000,,17,7,0.2917,,24,0,0.0000,,27,-3,0.1250,
209,27,23,4,0.1481,,17,10,0.3704,,24,3,0.1111,,27,0,0.0000,
210,26,24,2,0.0769,,17,9,0.3462,,25,1,0.0385,,27,-1,0.0385,
211,27,26,1,0.0370,,18,9,0.3333,,26,1,0.0370,,27,0,0.0000,
212,27,32,-5,0.1852,,20,7,0.2593,,32,-5,0.1852,,32,-5,0.1852,
213,25,27,-2,0.0800,,18,7,0.2800,,27,-2,0.0800,,28,-3,0.1200,
214,28,26,2,0.0714,,18,10,0.3571,,26,2,0.0714,,28,0,0.0000,
215,26,29,-3,0.1154,,20,6,0.2308,,29,-3,0.1154,,30,-4,0.1538,
216,27,25,2,0.0741,,19,8,0.2963,,26,1,0.0370,,31,-4,0.1481,
217,31,26,5,0.1613,,20,11,0.3548,,27,4,0.1290,,28,3,0.0968,
218,30,27,3,0.1000,,19,11,0.3667,,28,2,0.0667,,29,1,0.0333,
219,29,30,-1,0.0345,,18,11,0.3793,,31,-2,0.0690,,31,-2,0.0690,
220,40,34,6,0.1500,,22,18,0.4500,,34,6,0.1500,,34,6,0.1500,
221,43,33,10,0.2326,,24,19,0.4419,,33,10,0.2326,,34,9,0.2093,
222,40,36,4,0.1000,,24,16,0.4000,,36,4,0.1000,,39,1,0.0250,
223,38,32,6,0.1579,,21,17,0.4474,,32,6,0.1579,,36,2,0.0526,
224,40,33,7,0.1750,,24,16,0.4000,,33,7,0.1750,,35,5,0.1250,
225,33,29,4,0.1212,,26,7,0.2121,,29,4,0.1212,,30,3,0.0909,
226,29,28,1,0.0345,,20,9,0.3103,,30,-1,0.0345,,32,-3,0.1034,
227,24,26,-2,0.0833,,17,7,0.2917,,26,-2,0.0833,,27,-3,0.1250,
228,28,26,2,0.0714,,20,8,0.2857,,26,2,0.0714,,28,0,0.0000,
229,26,26,0,0.0000,,21,5,0.1923,,26,0,0.0000,,27,-1,0.0385,
230,28,27,1,0.0357,,20,8,0.2857,,27,1,0.0357,,30,-2,0.0714,
231,23,28,-5,0.2174,,17,6,0.2609,,30,-7,0.3043,,32,-9,0.3913,
232,32,29,3,0.0938,,19,13,0.4063,,29,3,0.0938,,33,-1,0.0313,
233,29,27,2,0.0690,,22,7,0.2414,,28,1,0.0345,,31,-2,0.0690,
234,34,34,0,0.0000,,22,12,0.3529,,35,-1,0.0294,,36,-2,0.0588,
235,36,29,7,0.1944,,21,15,0.4167,,30,6,0.1667,,31,5,0.1389,
236,36,31,5,0.1389,,16,20,0.5556,,33,3,0.0833,,35,1,0.0278,
237,36,26,10,0.2778,,15,21,0.5833,,26,10,0.2778,,30,6,0.1667,
238,33,26,7,0.2121,,21,12,0.3636,,29,4,0.1212,,32,1,0.0303,
239,23,20,3,0.1304,,15,8,0.3478,,20,3,0.1304,,22,1,0.0435,
240,23,19,4,0.1739,,14,9,0.3913,,22,1,0.0435,,27,-4,0.1739,
241,26,20,6,0.2308,,15,11,0.4231,,20,6,0.2308,,22,4,0.1538,
242,25,24,1,0.0400,,19,6,0.2400,,24,1,0.0400,,30,-5,0.2000,
243,29,22,7,0.2414,,20,9,0.3103,,23,6,0.2069,,27,2,0.0690,
244,34,21,13,0.3824,,20,14,0.4118,,21,13,0.3824,,21,13,0.3824,
245,35,27,8,0.2286,,17,18,0.5143,,27,8,0.2286,,28,7,0.2000,
246,36,27,9,0.2500,,21,15,0.4167,,27,9,0.2500,,30,6,0.1667,
247,36,28,8,0.2222,,23,13,0.3611,,28,8,0.2222,,29,7,0.1944,
248,32,31,1,0.0313,,21,11,0.3438,,31,1,0.0313,,32,0,0.0000,
249,35,30,5,0.1429,,19,16,0.4571,,30,5,0.1429,,31,4,0.1143,
250,34,28,6,0.1765,,22,12,0.3529,,30,4,0.1176,,31,3,0.0882,
251,36,33,3,0.0833,,22,14,0.3889,,33,3,0.0833,,33,3,0.0833,
252,31,29,2,0.0645,,22,9,0.2903,,29,2,0.0645,,29,2,0.0645,
253,31,30,1,0.0323,,19,12,0.3871,,30,1,0.0323,,31,0,0.0000,
254,33,29,4,0.1212,,26,7,0.2121,,29,4,0.1212,,30,3,0.0909,
255,35,25,10,0.2857,,21,14,0.4000,,25,10,0.2857,,25,10,0.2857,
256,30,28,2,0.0667,,18,12,0.4000,,29,1,0.0333,,31,-1,0.0333,
257,30,25,5,0.1667,,20,10,0.3333,,25,5,0.1667,,26,4,0.1333,
258,35,29,6,0.1714,,22,13,0.3714,,29,6,0.1714,,32,3,0.0857,
259,35,27,8,0.2286,,22,13,0.3714,,27,8,0.2286,,28,7,0.2000,
260,22,19,3,0.1364,,17,5,0.2273,,20,2,0.0909,,20,2,0.0909,
261,18,22,-4,0.2222,,15,3,0.1667,,22,-4,0.2222,,23,-5,0.2778,
262,18,25,-7,0.3889,,14,4,0.2222,,25,-7,0.3889,,26,-8,0.4444,
263,19,28,-9,0.4737,,16,3,0.1579,,29,-10,0.5263,,31,-12,0.6316,
264,24,22,2,0.0833,,14,10,0.4167,,24,0,0.0000,,29,-5,0.2083,
265,28,25,3,0.1071,,15,13,0.4643,,25,3,0.1071,,26,2,0.0714,
266,31,27,4,0.1290,,15,16,0.5161,,27,4,0.1290,,27,4,0.1290,
267,25,29,-4,0.1600,,19,6,0.2400,,30,-5,0.2000,,37,-12,0.4800,
268,23,26,-3,0.1304,,19,4,0.1739,,26,-3,0.1304,,29,-6,0.2609,
269,22,34,-12,0.5455,,14,8,0.3636,,34,-12,0.5455,,35,-13,0.5909,
270,29,26,3,0.1034,,19,10,0.3448,,26,3,0.1034,,26,3,0.1034,
271,30,25,5,0.1667,,19,11,0.3667,,25,5,0.1667,,26,4,0.1333,
272,37,23,14,0.3784,,19,18,0.4865,,23,14,0.3784,,24,13,0.3514,
273,37,27,10,0.2703,,16,21,0.5676,,27,10,0.2703,,31,6,0.1622,
274,33,25,8,0.2424,,20,13,0.3939,,25,8,0.2424,,28,5,0.1515,
275,35,33,2,0.0571,,20,15,0.4286,,34,1,0.0286,,34,1,0.0286,
276,33,34,-1,0.0303,,21,12,0.3636,,34,-1,0.0303,,39,-6,0.1818,
277,44,33,11,0.2500,,23,21,0.4773,,33,11,0.2500,,33,11,0.2500,
278,34,27,7,0.2059,,20,14,0.4118,,28,6,0.1765,,30,4,0.1176,
279,34,30,4,0.1176,,21,13,0.3824,,30,4,0.1176,,32,2,0.0588,
280,40,31,9,0.2250,,20,20,0.5000,,31,9,0.2250,,34,6,0.1500,
281,40,34,6,0.1500,,26,14,0.3500,,34,6,0.1500,,35,5,0.1250,
282,43,33,10,0.2326,,26,17,0.3953,,35,8,0.1860,,39,4,0.0930,
283,43,31,12,0.2791,,23,20,0.4651,,33,10,0.2326,,34,9,0.2093,
284,36,30,6,0.1667,,21,15,0.4167,,31,5,0.1389,,32,4,0.1111,
285,29,23,6,0.2069,,20,9,0.3103,,24,5,0.1724,,27,2,0.0690,
286,29,23,6,0.2069,,20,9,0.3103,,25,4,0.1379,,27,2,0.0690,
287,27,23,4,0.1481,,19,8,0.2963,,23,4,0.1481,,26,1,0.0370,
288,30,28,2,0.0667,,20,10,0.3333,,28,2,0.0667,,28,2,0.0667,
289,34,27,7,0.2059,,20,14,0.4118,,27,7,0.2059,,28,6,0.1765,
290,33,26,7,0.2121,,17,16,0.4848,,27,6,0.1818,,29,4,0.1212,
291,47,30,17,0.3617,,23,24,0.5106,,31,16,0.3404,,32,15,0.3191,
292,41,35,6,0.1463,,21,20,0.4878,,36,5,0.1220,,37,4,0.0976,
293,39,28,11,0.2821,,23,16,0.4103,,29,10,0.2564,,31,8,0.2051,
294,30,24,6,0.2000,,20,10,0.3333,,24,6,0.2000,,25,5,0.1667,
295,30,25,5,0.1667,,20,10,0.3333,,25,5,0.1667,,25,5,0.1667,
296,28,25,3,0.1071,,21,7,0.2500,,27,1,0.0357,,29,-1,0.0357,
297,31,28,3,0.0968,,20,11,0.3548,,29,2,0.0645,,30,1,0.0323,
298,39,28,11,0.2821,,20,19,0.4872,,28,11,0.2821,,30,9,0.2308,
299,35,27,8,0.2286,,23,12,0.3429,,28,7,0.2000,,30,5,0.1429,
300,41,32,9,0.2195,,22,19,0.4634,,32,9,0.2195,,33,8,0.1951,
301,41,29,12,0.2927,,21,20,0.4878,,31,10,0.2439,,34,7,0.1707,
302,44,38,6,0.1364,,24,20,0.4545,,38,6,0.1364,,40,4,0.0909,
303,33,32,1,0.0303,,20,13,0.3939,,32,1,0.0303,,34,-1,0.0303,
304,22,23,-1,0.0455,,16,6,0.2727,,26,-4,0.1818,,31,-9,0.4091,
305,27,24,3,0.1111,,14,13,0.4815,,24,3,0.1111,,25,2,0.0741,
306,28,25,3,0.1071,,18,10,0.3571,,25,3,0.1071,,26,2,0.0714,
307,30,35,-5,0.1667,,18,12,0.4000,,36,-6,0.2000,,37,-7,0.2333,
308,31,27,4,0.1290,,21,10,0.3226,,27,4,0.1290,,28,3,0.0968,
309,32,25,7,0.2188,,19,13,0.4063,,26,6,0.1875,,29,3,0.0938,
310,32,25,7,0.2188,,20,12,0.3750,,26,6,0.1875,,27,5,0.1563,
311,33,30,3,0.0909,,19,14,0.4242,,30,3,0.0909,,32,1,0.0303,
312,34,29,5,0.1471,,21,13,0.3824,,31,3,0.0882,,33,1,0.0294,
313,30,34,-4,0.1333,,22,8,0.2667,,35,-5,0.1667,,35,-5,0.1667,
314,32,29,3,0.0938,,20,12,0.3750,,29,3,0.0938,,31,1,0.0313,
315,42,31,11,0.2619,,23,19,0.4524,,32,10,0.2381,,32,10,0.2381,
316,41,35,6,0.1463,,20,21,0.5122,,36,5,0.1220,,39,2,0.0488,
317,41,35,6,0.1463,,20,21,0.5122,,36,5,0.1220,,39,2,0.0488,
318,46,40,6,0.1304,,25,21,0.4565,,41,5,0.1087,,43,3,0.0652,
319,41,39,2,0.0488,,23,18,0.4390,,40,1,0.0244,,42,-1,0.0244,
320,45,37,8,0.1778,,23,22,0.4889,,37,8,0.1778,,37,8,0.1778,
321,45,34,11,0.2444,,25,20,0.4444,,34,11,0.2444,,35,10,0.2222,
322,41,30,11,0.2683,,24,17,0.4146,,30,11,0.2683,,34,7,0.1707,
323,36,35,1,0.0278,,24,12,0.3333,,37,-1,0.0278,,38,-2,0.0556,
324,34,29,5,0.1471,,19,15,0.4412,,30,4,0.1176,,31,3,0.0882,
325,28,29,-1,0.0357,,17,11,0.3929,,29,-1,0.0357,,30,-2,0.0714,
326,32,30,2,0.0625,,23,9,0.2813,,30,2,0.0625,,31,1,0.0313,
327,29,30,-1,0.0345,,22,7,0.2414,,30,-1,0.0345,,30,-1,0.0345,
328,31,27,4,0.1290,,20,11,0.3548,,30,1,0.0323,,31,0,0.0000,
329,31,34,-3,0.0968,,21,10,0.3226,,36,-5,0.1613,,38,-7,0.2258,
330,21,24,-3,0.1429,,14,7,0.3333,,25,-4,0.1905,,26,-5,0.2381,
331,21,24,-3,0.1429,,15,6,0.2857,,25,-4,0.1905,,26,-5,0.2381,
332,22,25,-3,0.1364,,16,6,0.2727,,26,-4,0.1818,,26,-4,0.1818,
333,32,34,-2,0.0625,,22,10,0.3125,,34,-2,0.0625,,35,-3,0.0938,
334,36,33,3,0.0833,,20,16,0.4444,,33,3,0.0833,,35,1,0.0278,
335,33,36,-3,0.0909,,23,10,0.3030,,36,-3,0.0909,,38,-5,0.1515,
336,27,30,-3,0.1111,,20,7,0.2593,,32,-5,0.1852,,35,-8,0.2963,
337,32,37,-5,0.1563,,20,12,0.3750,,37,-5,0.1563,,40,-8,0.2500,
338,26,35,-9,0.3462,,21,5,0.1923,,35,-9,0.3462,,36,-10,0.3846,
339,25,23,2,0.0800,,18,7,0.2800,,24,1,0.0400,,26,-1,0.0400,
340,27,26,1,0.0370,,18,9,0.3333,,27,0,0.0000,,27,0,0.0000,
341,34,25,9,0.2647,,21,13,0.3824,,25,9,0.2647,,27,7,0.2059,
342,30,27,3,0.1000,,20,10,0.3333,,28,2,0.0667,,30,0,0.0000,
343,36,28,8,0.2222,,22,14,0.3889,,29,7,0.1944,,31,5,0.1389,
344,33,26,7,0.2121,,21,12,0.3636,,26,7,0.2121,,29,4,0.1212,
345,36,25,11,0.3056,,16,20,0.5556,,25,11,0.3056,,28,8,0.2222,
346,33,28,5,0.1515,,19,14,0.4242,,28,5,0.1515,,29,4,0.1212,
347,33,28,5,0.1515,,20,13,0.3939,,29,4,0.1212,,33,0,0.0000,
348,41,30,11,0.2683,,20,21,0.5122,,31,10,0.2439,,31,10,0.2439,
349,34,29,5,0.1471,,16,18,0.5294,,30,4,0.1176,,31,3,0.0882,
350,35,26,9,0.2571,,19,16,0.4571,,28,7,0.2000,,34,1,0.0286,
351,32,33,-1,0.0313,,20,12,0.3750,,33,-1,0.0313,,35,-3,0.0938,
352,32,31,1,0.0313,,21,11,0.3438,,31,1,0.0313,,35,-3,0.0938,
353,32,33,-1,0.0313,,22,10,0.3125,,34,-2,0.0625,,36,-4,0.1250,
354,34,34,0,0.0000,,21,13,0.3824,,34,0,0.0000,,35,-1,0.0294,
355,32,28,4,0.1250,,18,14,0.4375,,31,1,0.0313,,33,-1,0.0313,
356,38,31,7,0.1842,,24,14,0.3684,,33,5,0.1316,,36,2,0.0526,
357,38,32,6,0.1579,,24,14,0.3684,,33,5,0.1316,,35,3,0.0789,
358,34,33,1,0.0294,,22,12,0.3529,,33,1,0.0294,,38,-4,0.1176,
359,37,34,3,0.0811,,24,13,0.3514,,35,2,0.0541,,38,-1,0.0270,
360,28,29,-1,0.0357,,23,5,0.1786,,30,-2,0.0714,,34,-6,0.2143,
361,31,27,4,0.1290,,17,14,0.4516,,27,4,0.1290,,27,4,0.1290,
362,29,30,-1,0.0345,,20,9,0.3103,,31,-2,0.0690,,35,-6,0.2069,
363,36,32,4,0.1111,,18,18,0.5000,,32,4,0.1111,,35,1,0.0278,
364,37,35,2,0.0541,,23,14,0.3784,,36,1,0.0270,,39,-2,0.0541,
365,41,33,8,0.1951,,23,18,0.4390,,33,8,0.1951,,34,7,0.1707,
366,40,33,7,0.1750,,21,19,0.4750,,33,7,0.1750,,34,6,0.1500,
367,41,30,11,0.2683,,20,21,0.5122,,33,8,0.1951,,36,5,0.1220,
368,36,33,3,0.0833,,20,16,0.4444,,34,2,0.0556,,34,2,0.0556,
369,36,28,8,0.2222,,20,16,0.4444,,29,7,0.1944,,33,3,0.0833,
370,35,29,6,0.1714,,21,14,0.4000,,31,4,0.1143,,33,2,0.0571,
371,33,28,5,0.1515,,18,15,0.4545,,31,2,0.0606,,32,1,0.0303,
372,36,27,9,0.2500,,18,18,0.5000,,28,8,0.2222,,31,5,0.1389,
373,37,26,11,0.2973,,22,15,0.4054,,26,11,0.2973,,29,8,0.2162,
374,30,27,3,0.1000,,18,12,0.4000,,27,3,0.1000,,29,1,0.0333,
375,30,24,6,0.2000,,19,11,0.3667,,25,5,0.1667,,26,4,0.1333,
376,32,26,6,0.1875,,18,14,0.4375,,26,6,0.1875,,28,4,0.1250,
377,29,26,3,0.1034,,16,13,0.4483,,26,3,0.1034,,32,-3,0.1034,
378,27,25,2,0.0741,,16,11,0.4074,,26,1,0.0370,,31,-4,0.1481,
379,33,29,4,0.1212,,20,13,0.3939,,30,3,0.0909,,33,0,0.0000,
380,29,27,2,0.0690,,16,13,0.4483,,29,0,0.0000,,30,-1,0.0345,
381,34,31,3,0.0882,,19,15,0.4412,,34,0,0.0000,,34,0,0.0000,
382,31,29,2,0.0645,,21,10,0.3226,,29,2,0.0645,,34,-3,0.0968,
383,30,34,-4,0.1333,,16,14,0.4667,,35,-5,0.1667,,37,-7,0.2333,
384,31,27,4,0.1290,,16,15,0.4839,,28,3,0.0968,,32,-1,0.0323,
385,33,29,4,0.1212,,21,12,0.3636,,29,4,0.1212,,31,2,0.0606,
386,33,26,7,0.2121,,20,13,0.3939,,27,6,0.1818,,32,1,0.0303,
387,29,24,5,0.1724,,20,9,0.3103,,25,4,0.1379,,28,1,0.0345,
388,32,27,5,0.1563,,22,10,0.3125,,28,4,0.1250,,30,2,0.0625,
389,36,29,7,0.1944,,20,16,0.4444,,30,6,0.1667,,33,3,0.0833,
390,39,31,8,0.2051,,20,19,0.4872,,31,8,0.2051,,33,6,0.1538,
391,36,30,6,0.1667,,17,19,0.5278,,31,5,0.1389,,33,3,0.0833,
392,32,25,7,0.2188,,20,12,0.3750,,25,7,0.2188,,29,3,0.0938,
393,29,29,0,0.0000,,23,6,0.2069,,29,0,0.0000,,32,-3,0.1034,
394,26,28,-2,0.0769,,18,8,0.3077,,29,-3,0.1154,,31,-5,0.1923,
395,28,30,-2,0.0714,,24,4,0.1429,,31,-3,0.1071,,33,-5,0.1786,
396,28,25,3,0.1071,,16,12,0.4286,,25,3,0.1071,,28,0,0.0000,
397,32,24,8,0.2500,,17,15,0.4688,,25,7,0.2188,,27,5,0.1563,
398,32,28,4,0.1250,,22,10,0.3125,,28,4,0.1250,,29,3,0.0938,
399,28,29,-1,0.0357,,18,10,0.3571,,30,-2,0.0714,,33,-5,0.1786,
400,28,28,0,0.0000,,16,12,0.4286,,28,0,0.0000,,32,-4,0.1429,
401,29,26,3,0.1034,,20,9,0.3103,,28,1,0.0345,,30,-1,0.0345,
402,30,27,3,0.1000,,19,11,0.3667,,28,2,0.0667,,30,0,0.0000,
403,31,36,-5,0.1613,,25,6,0.1935,,37,-6,0.1935,,38,-7,0.2258,
404,26,30,-4,0.1538,,18,8,0.3077,,31,-5,0.1923,,32,-6,0.2308,
405,26,27,-1,0.0385,,18,8,0.3077,,27,-1,0.0385,,30,-4,0.1538,
406,28,26,2,0.0714,,16,12,0.4286,,26,2,0.0714,,27,1,0.0357,
407,27,27,0,0.0000,,17,10,0.3704,,27,0,0.0000,,30,-3,0.1111,
408,29,28,1,0.0345,,18,11,0.3793,,28,1,0.0345,,30,-1,0.0345,
409,31,30,1,0.0323,,18,13,0.4194,,30,1,0.0323,,32,-1,0.0323,
410,37,33,4,0.1081,,22,15,0.4054,,33,4,0.1081,,33,4,0.1081,
411,37,39,-2,0.0541,,23,14,0.3784,,39,-2,0.0541,,39,-2,0.0541,
412,41,35,6,0.1463,,22,19,0.4634,,35,6,0.1463,,36,5,0.1220,
413,40,32,8,0.2000,,22,18,0.4500,,32,8,0.2000,,32,8,0.2000,
414,42,34,8,0.1905,,20,22,0.5238,,35,7,0.1667,,41,1,0.0238,
415,36,31,5,0.1389,,24,12,0.3333,,32,4,0.1111,,33,3,0.0833,
416,37,30,7,0.1892,,18,19,0.5135,,30,7,0.1892,,32,5,0.1351,
417,38,33,5,0.1316,,22,16,0.4211,,35,3,0.0789,,35,3,0.0789,
418,37,33,4,0.1081,,24,13,0.3514,,33,4,0.1081,,36,1,0.0270,
419,40,29,11,0.2750,,21,19,0.4750,,29,11,0.2750,,31,9,0.2250,
420,37,32,5,0.1351,,19,18,0.4865,,33,4,0.1081,,37,0,0.0000,
421,41,32,9,0.2195,,23,18,0.4390,,33,8,0.1951,,33,8,0.1951,
422,41,38,3,0.0732,,22,19,0.4634,,38,3,0.0732,,39,2,0.0488,
423,36,30,6,0.1667,,23,13,0.3611,,30,6,0.1667,,31,5,0.1389,
424,33,28,5,0.1515,,23,10,0.3030,,30,3,0.0909,,33,0,0.0000,
425,37,27,10,0.2703,,19,18,0.4865,,28,9,0.2432,,30,7,0.1892,
426,36,33,3,0.0833,,22,14,0.3889,,33,3,0.0833,,34,2,0.0556,
427,35,31,4,0.1143,,19,16,0.4571,,31,4,0.1143,,31,4,0.1143,
428,36,34,2,0.0556,,20,16,0.4444,,34,2,0.0556,,35,1,0.0278,
429,33,30,3,0.0909,,20,13,0.3939,,31,2,0.0606,,32,1,0.0303,
430,31,25,6,0.1935,,20,11,0.3548,,25,6,0.1935,,25,6,0.1935,
431,30,22,8,0.2667,,17,13,0.4333,,22,8,0.2667,,24,6,0.2000,
432,29,24,5,0.1724,,15,14,0.4828,,24,5,0.1724,,25,4,0.1379,
433,25,19,6,0.2400,,17,8,0.3200,,20,5,0.2000,,22,3,0.1200,
434,21,20,1,0.0476,,12,9,0.4286,,20,1,0.0476,,20,1,0.0476,
435,22,16,6,0.2727,,14,8,0.3636,,18,4,0.1818,,20,2,0.0909,
436,19,18,1,0.0526,,14,5,0.2632,,18,1,0.0526,,20,-1,0.0526,
437,17,19,-2,0.1176,,12,5,0.2941,,19,-2,0.1176,,19,-2,0.1176,
438,17,17,0,0.0000,,11,6,0.3529,,17,0,0.0000,,18,-1,0.0588,
439,18,15,3,0.1667,,12,6,0.3333,,15,3,0.1667,,16,2,0.1111,
440,17,17,0,0.0000,,11,6,0.3529,,17,0,0.0000,,22,-5,0.2941,
441,17,20,-3,0.1765,,12,5,0.2941,,21,-4,0.2353,,23,-6,0.3529,
442,16,18,-2,0.1250,,13,3,0.1875,,19,-3,0.1875,,20,-4,0.2500,
443,17,24,-7,0.4118,,15,2,0.1176,,26,-9,0.5294,,27,-10,0.5882,
444,16,24,-8,0.5000,,14,2,0.1250,,25,-9,0.5625,,26,-10,0.6250,
445,19,22,-3,0.1579,,14,5,0.2632,,23,-4,0.2105,,23,-4,0.2105,
446,22,24,-2,0.0909,,16,6,0.2727,,24,-2,0.0909,,24,-2,0.0909,
447,20,24,-4,0.2000,,13,7,0.3500,,24,-4,0.2000,,25,-5,0.2500,
448,21,25,-4,0.1905,,16,5,0.2381,,26,-5,0.2381,,29,-8,0.3810,
449,23,27,-4,0.1739,,16,7,0.3043,,27,-4,0.1739,,27,-4,0.1739,
450,18,27,-9,0.5000,,17,1,0.0556,,28,-10,0.5556,,30,-12,0.6667,
451,23,22,1,0.0435,,18,5,0.2174,,22,1,0.0435,,25,-2,0.0870,
452,22,23,-1,0.0455,,17,5,0.2273,,23,-1,0.0455,,25,-3,0.1364,
453,24,23,1,0.0417,,15,9,0.3750,,24,0,0.0000,,25,-1,0.0417,
454,24,23,1,0.0417,,16,8,0.3333,,23,1,0.0417,,29,-5,0.2083,
455,20,20,0,0.0000,,15,5,0.2500,,22,-2,0.1000,,23,-3,0.1500,
456,23,21,2,0.0870,,17,6,0.2609,,22,1,0.0435,,23,0,0.0000,
457,26,23,3,0.1154,,19,7,0.2692,,24,2,0.0769,,28,-2,0.0769,
458,26,25,1,0.0385,,19,7,0.2692,,25,1,0.0385,,27,-1,0.0385,
459,25,27,-2,0.0800,,23,2,0.0800,,27,-2,0.0800,,28,-3,0.1200,
460,23,24,-1,0.0435,,17,6,0.2609,,24,-1,0.0435,,25,-2,0.0870,
461,22,21,1,0.0455,,18,4,0.1818,,21,1,0.0455,,21,1,0.0455,
462,20,21,-1,0.0500,,17,3,0.1500,,22,-2,0.1000,,25,-5,0.2500,
463,16,20,-4,0.2500,,15,1,0.0625,,20,-4,0.2500,,20,-4,0.2500,
464,18,21,-3,0.1667,,15,3,0.1667,,21,-3,0.1667,,22,-4,0.2222,
465,17,25,-8,0.4706,,18,-1,0.0588,,26,-9,0.5294,,27,-10,0.5882,
466,17,22,-5,0.2941,,18,-1,0.0588,,22,-5,0.2941,,22,-5,0.2941,
467,16,29,-13,0.8125,,14,2,0.1250,,29,-13,0.8125,,30,-14,0.8750,
468,15,21,-6,0.4000,,15,0,0.0000,,21,-6,0.4000,,22,-7,0.4667,
469,17,20,-3,0.1765,,12,5,0.2941,,20,-3,0.1765,,23,-6,0.3529,
470,16,21,-5,0.3125,,15,1,0.0625,,21,-5,0.3125,,24,-8,0.5000,
471,16,22,-6,0.3750,,16,0,0.0000,,22,-6,0.3750,,23,-7,0.4375,
472,14,21,-7,0.5000,,12,2,0.1429,,22,-8,0.5714,,25,-11,0.7857,
473,13,19,-6,0.4615,,13,0,0.0000,,21,-8,0.6154,,24,-11,0.8462,
474,18,22,-4,0.2222,,18,0,0.0000,,23,-5,0.2778,,24,-6,0.3333,
475,18,20,-2,0.1111,,16,2,0.1111,,20,-2,0.1111,,26,-8,0.4444,
476,16,22,-6,0.3750,,13,3,0.1875,,22,-6,0.3750,,23,-7,0.4375,
477,18,18,0,0.0000,,12,6,0.3333,,20,-2,0.1111,,23,-5,0.2778,
478,20,25,-5,0.2500,,16,4,0.2000,,25,-5,0.2500,,30,-10,0.5000,
479,19,21,-2,0.1053,,15,4,0.2105,,22,-3,0.1579,,22,-3,0.1579,
480,24,28,-4,0.1667,,17,7,0.2917,,28,-4,0.1667,,29,-5,0.2083,
481,27,25,2,0.0741,,21,6,0.2222,,26,1,0.0370,,28,-1,0.0370,
482,31,32,-1,0.0323,,22,9,0.2903,,32,-1,0.0323,,35,-4,0.1290,
483,31,28,3,0.0968,,22,9,0.2903,,28,3,0.0968,,30,1,0.0323,
484,30,27,3,0.1000,,24,6,0.2000,,27,3,0.1000,,28,2,0.0667,
485,33,29,4,0.1212,,21,12,0.3636,,30,3,0.0909,,30,3,0.0909,
486,33,31,2,0.0606,,20,13,0.3939,,31,2,0.0606,,33,0,0.0000,
487,33,37,-4,0.1212,,26,7,0.2121,,38,-5,0.1515,,38,-5,0.1515,
488,31,28,3,0.0968,,22,9,0.2903,,29,2,0.0645,,31,0,0.0000,
489,25,25,0,0.0000,,17,8,0.3200,,26,-1,0.0400,,27,-2,0.0800,
490,23,27,-4,0.1739,,18,5,0.2174,,27,-4,0.1739,,28,-5,0.2174,
491,20,19,1,0.0500,,15,5,0.2500,,19,1,0.0500,,19,1,0.0500,
492,23,24,-1,0.0435,,17,6,0.2609,,25,-2,0.0870,,26,-3,0.1304,
493,23,20,3,0.1304,,17,6,0.2609,,22,1,0.0435,,23,0,0.0000,
494,22,21,1,0.0455,,17,5,0.2273,,22,0,0.0000,,23,-1,0.0455,
495,22,21,1,0.0455,,17,5,0.2273,,21,1,0.0455,,21,1,0.0455,
496,24,23,1,0.0417,,17,7,0.2917,,24,0,0.0000,,24,0,0.0000,
497,24,24,0,0.0000,,17,7,0.2917,,24,0,0.0000,,26,-2,0.0833,
498,26,25,1,0.0385,,21,5,0.1923,,25,1,0.0385,,26,0,0.0000,
499,27,31,-4,0.1481,,23,4,0.1481,,31,-4,0.1481,,31,-4,0.1481,
500,29,27,2,0.0690,,21,8,0.2759,,29,0,0.0000,,29,0,0.0000,
501,26,24,2,0.0769,,20,6,0.2308,,24,2,0.0769,,25,1,0.0385,
502,25,25,0,0.0000,,20,5,0.2000,,25,0,0.0000,,27,-2,0.0800,
503,24,30,-6,0.2500,,18,6,0.2500,,31,-7,0.2917,,32,-8,0.3333,
504,26,26,0,0.0000,,20,6,0.2308,,26,0,0.0000,,29,-3,0.1154,
505,31,29,2,0.0645,,18,13,0.4194,,32,-1,0.0323,,33,-2,0.0645,
506,32,26,6,0.1875,,21,11,0.3438,,26,6,0.1875,,28,4,0.1250,
507,28,24,4,0.1429,,19,9,0.3214,,25,3,0.1071,,26,2,0.0714,
508,29,26,3,0.1034,,21,8,0.2759,,27,2,0.0690,,27,2,0.0690,
509,29,25,4,0.1379,,19,10,0.3448,,25,4,0.1379,,26,3,0.1034,
510,30,27,3,0.1000,,20,10,0.3333,,27,3,0.1000,,30,0,0.0000,
511,29,26,3,0.1034,,19,10,0.3448,,27,2,0.0690,,28,1,0.0345,
512,27,25,2,0.0741,,18,9,0.3333,,25,2,0.0741,,26,1,0.0370,
513,29,31,-2,0.0690,,21,8,0.2759,,32,-3,0.1034,,33,-4,0.1379,
514,28,28,0,0.0000,,24,4,0.1429,,28,0,0.0000,,30,-2,0.0714,
515,25,25,0,0.0000,,21,4,0.1600,,25,0,0.0000,,27,-2,0.0800,
516,27,32,-5,0.1852,,22,5,0.1852,,34,-7,0.2593,,35,-8,0.2963,
517,27,28,-1,0.0370,,18,9,0.3333,,30,-3,0.1111,,31,-4,0.1481,
518,25,28,-3,0.1200,,18,7,0.2800,,30,-5,0.2000,,32,-7,0.2800,
519,22,28,-6,0.2727,,15,7,0.3182,,29,-7,0.3182,,30,-8,0.3636,
520,23,26,-3,0.1304,,17,6,0.2609,,26,-3,0.1304,,28,-5,0.2174,
521,26,25,1,0.0385,,18,8,0.3077,,25,1,0.0385,,26,0,0.0000,
522,25,25,0,0.0000,,18,7,0.2800,,27,-2,0.0800,,29,-4,0.1600,
523,22,23,-1,0.0455,,13,9,0.4091,,25,-3,0.1364,,28,-6,0.2727,
524,19,21,-2,0.1053,,12,7,0.3684,,22,-3,0.1579,,24,-5,0.2632,
525,24,21,3,0.1250,,15,9,0.3750,,21,3,0.1250,,26,-2,0.0833,
526,20,24,-4,0.2000,,13,7,0.3500,,25,-5,0.2500,,29,-9,0.4500,
527,20,28,-8,0.4000,,17,3,0.1500,,28,-8,0.4000,,30,-10,0.5000,
528,20,22,-2,0.1000,,12,8,0.4000,,23,-3,0.1500,,24,-4,0.2000,
529,24,22,2,0.0833,,15,9,0.3750,,22,2,0.0833,,23,1,0.0417,
530,24,21,3,0.1250,,15,9,0.3750,,21,3,0.1250,,21,3,0.1250,
531,23,25,-2,0.0870,,12,11,0.4783,,27,-4,0.1739,,32,-9,0.3913,
532,20,30,-10,0.5000,,14,6,0.3000,,31,-11,0.5500,,33,-13,0.6500,
533,20,19,1,0.0500,,12,8,0.4000,,19,1,0.0500,,20,0,0.0000,
534,23,19,4,0.1739,,14,9,0.3913,,21,2,0.0870,,25,-2,0.0870,
535,26,22,4,0.1538,,16,10,0.3846,,23,3,0.1154,,25,1,0.0385,
536,26,21,5,0.1923,,18,8,0.3077,,21,5,0.1923,,24,2,0.0769,
537,23,20,3,0.1304,,16,7,0.3043,,20,3,0.1304,,21,2,0.0870,
538,19,19,0,0.0000,,13,6,0.3158,,20,-1,0.0526,,21,-2,0.1053,
539,19,25,-6,0.3158,,14,5,0.2632,,25,-6,0.3158,,27,-8,0.4211,
540,18,20,-2,0.1111,,13,5,0.2778,,21,-3,0.1667,,25,-7,0.3889,
541,18,20,-2,0.1111,,14,4,0.2222,,22,-4,0.2222,,24,-6,0.3333,
542,16,18,-2,0.1250,,13,3,0.1875,,20,-4,0.2500,,22,-6,0.3750,
543,15,18,-3,0.2000,,13,2,0.1333,,19,-4,0.2667,,21,-6,0.4000,
544,17,24,-7,0.4118,,15,2,0.1176,,25,-8,0.4706,,29,-12,0.7059,
545,17,23,-6,0.3529,,15,2,0.1176,,25,-8,0.4706,,28,-11,0.6471,
546,18,25,-7,0.3889,,14,4,0.2222,,26,-8,0.4444,,26,-8,0.4444,
547,20,23,-3,0.1500,,15,5,0.2500,,25,-5,0.2500,,28,-8,0.4000,
548,17,27,-10,0.5882,,17,0,0.0000,,28,-11,0.6471,,28,-11,0.6471,
549,23,22,1,0.0435,,17,6,0.2609,,22,1,0.0435,,23,0,0.0000,
550,25,23,2,0.0800,,15,10,0.4000,,23,2,0.0800,,23,2,0.0800,
551,29,28,1,0.0345,,20,9,0.3103,,28,1,0.0345,,29,0,0.0000,
552,29,31,-2,0.0690,,18,11,0.3793,,32,-3,0.1034,,34,-5,0.1724,
553,30,26,4,0.1333,,17,13,0.4333,,26,4,0.1333,,30,0,0.0000,
554,29,22,7,0.2414,,16,13,0.4483,,23,6,0.2069,,26,3,0.1034,
555,23,21,2,0.0870,,16,7,0.3043,,22,1,0.0435,,23,0,0.0000,
556,22,26,-4,0.1818,,15,7,0.3182,,27,-5,0.2273,,27,-5,0.2273,
557,21,23,-2,0.0952,,15,6,0.2857,,24,-3,0.1429,,25,-4,0.1905,
558,21,16,5,0.2381,,14,7,0.3333,,16,5,0.2381,,19,2,0.0952,
559,21,25,-4,0.1905,,14,7,0.3333,,25,-4,0.1905,,27,-6,0.2857,
560,22,23,-1,0.0455,,17,5,0.2273,,23,-1,0.0455,,23,-1,0.0455,
561,24,23,1,0.0417,,14,10,0.4167,,23,1,0.0417,,26,-2,0.0833,
562,27,27,0,0.0000,,18,9,0.3333,,27,0,0.0000,,28,-1,0.0370,
563,26,24,2,0.0769,,18,8,0.3077,,24,2,0.0769,,26,0,0.0000,
564,26,26,0,0.0000,,19,7,0.2692,,26,0,0.0000,,28,-2,0.0769,
565,23,20,3,0.1304,,15,8,0.3478,,20,3,0.1304,,22,1,0.0435,
566,24,19,5,0.2083,,18,6,0.2500,,20,4,0.1667,,20,4,0.1667,
567,26,23,3,0.1154,,16,10,0.3846,,23,3,0.1154,,24,2,0.0769,
568,26,25,1,0.0385,,16,10,0.3846,,25,1,0.0385,,27,-1,0.0385,
569,25,20,5,0.2000,,17,8,0.3200,,20,5,0.2000,,23,2,0.0800,
570,24,16,8,0.3333,,15,9,0.3750,,16,8,0.3333,,19,5,0.2083,
571,20,22,-2,0.1000,,14,6,0.3000,,22,-2,0.1000,,24,-4,0.2000,
572,23,19,4,0.1739,,15,8,0.3478,,20,3,0.1304,,21,2,0.0870,
573,23,22,1,0.0435,,14,9,0.3913,,23,0,0.0000,,24,-1,0.0435,
574,23,25,-2,0.0870,,17,6,0.2609,,25,-2,0.0870,,27,-4,0.1739,
575,24,24,0,0.0000,,16,8,0.3333,,24,0,0.0000,,25,-1,0.0417,
576,24,21,3,0.1250,,15,9,0.3750,,21,3,0.1250,,26,-2,0.0833,
577,22,21,1,0.0455,,14,8,0.3636,,21,1,0.0455,,23,-1,0.0455,
578,22,18,4,0.1818,,16,6,0.2727,,19,3,0.1364,,22,0,0.0000,
579,26,22,4,0.1538,,15,11,0.4231,,22,4,0.1538,,24,2,0.0769,
580,22,23,-1,0.0455,,17,5,0.2273,,23,-1,0.0455,,24,-2,0.0909,
581,23,23,0,0.0000,,16,7,0.3043,,23,0,0.0000,,23,0,0.0000,
582,23,19,4,0.1739,,16,7,0.3043,,19,4,0.1739,,22,1,0.0435,
583,21,19,2,0.0952,,15,6,0.2857,,19,2,0.0952,,20,1,0.0476,
584,20,19,1,0.0500,,13,7,0.3500,,20,0,0.0000,,20,0,0.0000,
585,20,20,0,0.0000,,14,6,0.3000,,21,-1,0.0500,,22,-2,0.1000,
586,23,24,-1,0.0435,,16,7,0.3043,,26,-3,0.1304,,27,-4,0.1739,
587,27,23,4,0.1481,,16,11,0.4074,,25,2,0.0741,,27,0,0.0000,
588,24,25,-1,0.0417,,17,7,0.2917,,26,-2,0.0833,,28,-4,0.1667,
589,25,24,1,0.0400,,19,6,0.2400,,24,1,0.0400,,25,0,0.0000,
590,26,25,1,0.0385,,20,6,0.2308,,25,1,0.0385,,26,0,0.0000,
591,26,25,1,0.0385,,19,7,0.2692,,25,1,0.0385,,27,-1,0.0385,
592,25,25,0,0.0000,,18,7,0.2800,,26,-1,0.0400,,26,-1,0.0400,
593,25,21,4,0.1600,,17,8,0.3200,,21,4,0.1600,,23,2,0.0800,
594,23,21,2,0.0870,,17,6,0.2609,,21,2,0.0870,,24,-1,0.0435,
595,20,21,-1,0.0500,,14,6,0.3000,,21,-1,0.0500,,21,-1,0.0500,
596,18,17,1,0.0556,,13,5,0.2778,,18,0,0.0000,,20,-2,0.1111,
597,18,21,-3,0.1667,,12,6,0.3333,,23,-5,0.2778,,23,-5,0.2778,
598,14,22,-8,0.5714,,14,0,0.0000,,23,-9,0.6429,,23,-9,0.6429,
599,15,20,-5,0.3333,,15,0,0.0000,,21,-6,0.4000,,22,-7,0.4667,
600,19,21,-2,0.1053,,15,4,0.2105,,24,-5,0.2632,,24,-5,0.2632,
601,19,21,-2,0.1053,,14,5,0.2632,,22,-3,0.1579,,23,-4,0.2105,
602,19,24,-5,0.2632,,15,4,0.2105,,25,-6,0.3158,,27,-8,0.4211,
603,18,16,2,0.1111,,11,7,0.3889,,16,2,0.1111,,19,-1,0.0556,
604,19,21,-2,0.1053,,13,6,0.3158,,22,-3,0.1579,,23,-4,0.2105,
605,21,22,-1,0.0476,,12,9,0.4286,,22,-1,0.0476,,22,-1,0.0476,
606,24,24,0,0.0000,,14,10,0.4167,,25,-1,0.0417,,26,-2,0.0833,
607,23,21,2,0.0870,,15,8,0.3478,,21,2,0.0870,,24,-1,0.0435,
608,25,22,3,0.1200,,16,9,0.3600,,22,3,0.1200,,24,1,0.0400,
609,23,21,2,0.0870,,15,8,0.3478,,23,0,0.0000,,23,0,0.0000,
610,25,21,4,0.1600,,17,8,0.3200,,21,4,0.1600,,22,3,0.1200,
611,27,30,-3,0.1111,,18,9,0.3333,,30,-3,0.1111,,32,-5,0.1852,
612,28,22,6,0.2143,,14,14,0.5000,,23,5,0.1786,,26,2,0.0714,
613,30,24,6,0.2000,,18,12,0.4000,,25,5,0.1667,,27,3,0.1000,
614,32,29,3,0.0938,,19,13,0.4063,,32,0,0.0000,,32,0,0.0000,
615,30,27,3,0.1000,,21,9,0.3000,,27,3,0.1000,,27,3,0.1000,
616,29,25,4,0.1379,,20,9,0.3103,,25,4,0.1379,,29,0,0.0000,
617,27,20,7,0.2593,,18,9,0.3333,,21,6,0.2222,,22,5,0.1852,
618,28,21,7,0.2500,,18,10,0.3571,,21,7,0.2500,,23,5,0.1786,
619,26,21,5,0.1923,,17,9,0.3462,,22,4,0.1538,,22,4,0.1538,
620,25,22,3,0.1200,,15,10,0.4000,,22,3,0.1200,,25,0,0.0000,
621,29,22,7,0.2414,,17,12,0.4138,,24,5,0.1724,,25,4,0.1379,
622,28,22,6,0.2143,,19,9,0.3214,,22,6,0.2143,,24,4,0.1429,
623,25,22,3,0.1200,,19,6,0.2400,,23,2,0.0800,,25,0,0.0000,
624,26,23,3,0.1154,,16,10,0.3846,,23,3,0.1154,,24,2,0.0769,
625,25,21,4,0.1600,,17,8,0.3200,,21,4,0.1600,,25,0,0.0000,
626,25,24,1,0.0400,,14,11,0.4400,,24,1,0.0400,,24,1,0.0400,
627,22,24,-2,0.0909,,15,7,0.3182,,25,-3,0.1364,,27,-5,0.2273,
628,22,18,4,0.1818,,13,9,0.4091,,18,4,0.1818,,21,1,0.0455,
629,22,21,1,0.0455,,15,7,0.3182,,21,1,0.0455,,23,-1,0.0455,
630,23,21,2,0.0870,,16,7,0.3043,,21,2,0.0870,,22,1,0.0435,
631,21,19,2,0.0952,,15,6,0.2857,,19,2,0.0952,,21,0,0.0000,
632,22,18,4,0.1818,,15,7,0.3182,,18,4,0.1818,,18,4,0.1818,
633,25,20,5,0.2000,,16,9,0.3600,,20,5,0.2000,,22,3,0.1200,
634,26,21,5,0.1923,,17,9,0.3462,,21,5,0.1923,,25,1,0.0385,
635,27,20,7,0.2593,,17,10,0.3704,,20,7,0.2593,,22,5,0.1852,
636,24,26,-2,0.0833,,15,9,0.3750,,26,-2,0.0833,,28,-4,0.1667,
637,31,24,7,0.2258,,19,12,0.3871,,25,6,0.1935,,27,4,0.1290,
638,27,26,1,0.0370,,21,6,0.2222,,27,0,0.0000,,30,-3,0.1111,
639,28,23,5,0.1786,,19,9,0.3214,,23,5,0.1786,,24,4,0.1429,
640,29,19,10,0.3448,,19,10,0.3448,,19,10,0.3448,,22,7,0.2414,
641,28,20,8,0.2857,,18,10,0.3571,,20,8,0.2857,,20,8,0.2857,
642,28,21,7,0.2500,,18,10,0.3571,,21,7,0.2500,,22,6,0.2143,
643,25,21,4,0.1600,,14,11,0.4400,,21,4,0.1600,,22,3,0.1200,
644,24,19,5,0.2083,,14,10,0.4167,,20,4,0.1667,,22,2,0.0833,
645,24,18,6,0.2500,,13,11,0.4583,,19,5,0.2083,,20,4,0.1667,
646,24,20,4,0.1667,,14,10,0.4167,,21,3,0.1250,,22,2,0.0833,
647,24,22,2,0.0833,,16,8,0.3333,,22,2,0.0833,,23,1,0.0417,
648,23,20,3,0.1304,,16,7,0.3043,,20,3,0.1304,,25,-2,0.0870,
649,22,19,3,0.1364,,15,7,0.3182,,19,3,0.1364,,22,0,0.0000,
650,22,18,4,0.1818,,14,8,0.3636,,19,3,0.1364,,19,3,0.1364,
651,24,21,3,0.1250,,16,8,0.3333,,21,3,0.1250,,22,2,0.0833,
652,20,19,1,0.0500,,12,8,0.4000,,19,1,0.0500,,21,-1,0.0500,
653,19,18,1,0.0526,,11,8,0.4211,,18,1,0.0526,,20,-1,0.0526,
654,19,27,-8,0.4211,,13,6,0.3158,,27,-8,0.4211,,28,-9,0.4737,
655,17,19,-2,0.1176,,12,5,0.2941,,19,-2,0.1176,,20,-3,0.1765,
656,16,16,0,0.0000,,9,7,0.4375,,16,0,0.0000,,18,-2,0.1250,
657,17,20,-3,0.1765,,12,5,0.2941,,20,-3,0.1765,,22,-5,0.2941,
658,13,14,-1,0.0769,,11,2,0.1538,,15,-2,0.1538,,18,-5,0.3846,
659,14,21,-7,0.5000,,12,2,0.1429,,21,-7,0.5000,,23,-9,0.6429,
660,17,18,-1,0.0588,,10,7,0.4118,,18,-1,0.0588,,20,-3,0.1765,
661,17,17,0,0.0000,,9,8,0.4706,,20,-3,0.1765,,21,-4,0.2353,
662,18,16,2,0.1111,,10,8,0.4444,,16,2,0.1111,,18,0,0.0000,
663,19,14,5,0.2632,,10,9,0.4737,,15,4,0.2105,,16,3,0.1579,
664,18,19,-1,0.0556,,10,8,0.4444,,19,-1,0.0556,,20,-2,0.1111,
665,18,14,4,0.2222,,9,9,0.5000,,15,3,0.1667,,16,2,0.1111,
666,20,19,1,0.0500,,13,7,0.3500,,19,1,0.0500,,20,0,0.0000,
667,20,17,3,0.1500,,12,8,0.4000,,17,3,0.1500,,18,2,0.1000,
668,19,18,1,0.0526,,10,9,0.4737,,18,1,0.0526,,19,0,0.0000,
669,19,14,5,0.2632,,12,7,0.3684,,16,3,0.1579,,21,-2,0.1053,
670,19,15,4,0.2105,,11,8,0.4211,,16,3,0.1579,,17,2,0.1053,
671,19,18,1,0.0526,,13,6,0.3158,,18,1,0.0526,,21,-2,0.1053,
672,21,16,5,0.2381,,14,7,0.3333,,16,5,0.2381,,20,1,0.0476,
673,23,20,3,0.1304,,14,9,0.3913,,20,3,0.1304,,23,0,0.0000,
674,23,20,3,0.1304,,12,11,0.4783,,21,2,0.0870,,23,0,0.0000,
675,22,20,2,0.0909,,14,8,0.3636,,20,2,0.0909,,22,0,0.0000,
676,22,22,0,0.0000,,14,8,0.3636,,22,0,0.0000,,25,-3,0.1364,
677,23,21,2,0.0870,,14,9,0.3913,,23,0,0.0000,,25,-2,0.0870,
678,24,22,2,0.0833,,14,10,0.4167,,22,2,0.0833,,22,2,0.0833,
679,24,23,1,0.0417,,17,7,0.2917,,24,0,0.0000,,26,-2,0.0833,
680,23,21,2,0.0870,,14,9,0.3913,,22,1,0.0435,,24,-1,0.0435,
681,24,20,4,0.1667,,15,9,0.3750,,21,3,0.1250,,23,1,0.0417,
682,27,21,6,0.2222,,18,9,0.3333,,24,3,0.1111,,24,3,0.1111,
683,27,26,1,0.0370,,19,8,0.2963,,26,1,0.0370,,27,0,0.0000,
684,37,29,8,0.2162,,20,17,0.4595,,29,8,0.2162,,31,6,0.1622,
685,38,26,12,0.3158,,19,19,0.5000,,26,12,0.3158,,28,10,0.2632,
686,36,30,6,0.1667,,19,17,0.4722,,30,6,0.1667,,33,3,0.0833,
687,35,28,7,0.2000,,17,18,0.5143,,29,6,0.1714,,29,6,0.1714,
688,32,28,4,0.1250,,19,13,0.4063,,28,4,0.1250,,29,3,0.0938,
689,32,22,10,0.3125,,17,15,0.4688,,22,10,0.3125,,22,10,0.3125,
690,32,31,1,0.0313,,18,14,0.4375,,31,1,0.0313,,32,0,0.0000,
691,33,22,11,0.3333,,21,12,0.3636,,24,9,0.2727,,26,7,0.2121,
692,33,28,5,0.1515,,21,12,0.3636,,28,5,0.1515,,29,4,0.1212,
693,35,24,11,0.3143,,21,14,0.4000,,25,10,0.2857,,27,8,0.2286,
694,31,22,9,0.2903,,17,14,0.4516,,23,8,0.2581,,26,5,0.1613,
695,28,22,6,0.2143,,15,13,0.4643,,22,6,0.2143,,25,3,0.1071,
696,29,21,8,0.2759,,16,13,0.4483,,22,7,0.2414,,23,6,0.2069,
697,31,26,5,0.1613,,15,16,0.5161,,26,5,0.1613,,27,4,0.1290,
698,33,31,2,0.0606,,17,16,0.4848,,32,1,0.0303,,33,0,0.0000,
699,34,28,6,0.1765,,16,18,0.5294,,30,4,0.1176,,31,3,0.0882,
700,34,23,11,0.3235,,15,19,0.5588,,24,10,0.2941,,25,9,0.2647,
701,33,25,8,0.2424,,16,17,0.5152,,26,7,0.2121,,26,7,0.2121,
702,32,23,9,0.2813,,15,17,0.5313,,24,8,0.2500,,26,6,0.1875,
703,33,23,10,0.3030,,16,17,0.5152,,24,9,0.2727,,28,5,0.1515,
704,35,23,12,0.3429,,18,17,0.4857,,23,12,0.3429,,24,11,0.3143,
705,33,28,5,0.1515,,16,17,0.5152,,29,4,0.1212,,31,2,0.0606,
706,32,20,12,0.3750,,15,17,0.5313,,21,11,0.3438,,25,7,0.2188,
707,36,23,13,0.3611,,19,17,0.4722,,23,13,0.3611,,26,10,0.2778,
708,42,30,12,0.2857,,17,25,0.5952,,30,12,0.2857,,30,12,0.2857,
709,47,31,16,0.3404,,22,25,0.5319,,33,14,0.2979,,35,12,0.2553,
710,42,27,15,0.3571,,20,22,0.5238,,27,15,0.3571,,28,14,0.3333,
711,41,26,15,0.3659,,19,22,0.5366,,27,14,0.3415,,28,13,0.3171,
712,40,29,11,0.2750,,17,23,0.5750,,30,10,0.2500,,33,7,0.1750,
713,39,31,8,0.2051,,18,21,0.5385,,33,6,0.1538,,39,0,0.0000,
714,41,32,9,0.2195,,21,20,0.4878,,32,9,0.2195,,34,7,0.1707,
715,45,41,4,0.0889,,17,28,0.6222,,41,4,0.0889,,46,-1,0.0222,
716,42,26,16,0.3810,,18,24,0.5714,,28,14,0.3333,,31,11,0.2619,
717,39,26,13,0.3333,,18,21,0.5385,,26,13,0.3333,,27,12,0.3077,
718,40,24,16,0.4000,,20,20,0.5000,,24,16,0.4000,,25,15,0.3750,
719,43,28,15,0.3488,,20,23,0.5349,,29,14,0.3256,,30,13,0.3023,
720,49,33,16,0.3265,,23,26,0.5306,,34,15,0.3061,,36,13,0.2653,
721,47,35,12,0.2553,,25,22,0.4681,,35,12,0.2553,,38,9,0.1915,
722,47,35,12,0.2553,,22,25,0.5319,,35,12,0.2553,,39,8,0.1702,
723,50,38,12,0.2400,,23,27,0.5400,,41,9,0.1800,,42,8,0.1600,
724,48,31,17,0.3542,,18,30,0.6250,,31,17,0.3542,,33,15,0.3125,
725,46,33,13,0.2826,,21,25,0.5435,,35,11,0.2391,,39,7,0.1522,
726,48,32,16,0.3333,,22,26,0.5417,,33,15,0.3125,,34,14,0.2917,
727,47,27,20,0.4255,,19,28,0.5957,,28,19,0.4043,,30,17,0.3617,
728,46,37,9,0.1957,,19,27,0.5870,,37,9,0.1957,,39,7,0.1522,
729,47,33,14,0.2979,,20,27,0.5745,,34,13,0.2766,,36,11,0.2340,
730,43,28,15,0.3488,,20,23,0.5349,,28,15,0.3488,,28,15,0.3488,
731,42,30,12,0.2857,,19,23,0.5476,,30,12,0.2857,,31,11,0.2619,
732,42,27,15,0.3571,,18,24,0.5714,,29,13,0.3095,,32,10,0.2381,
733,38,32,6,0.1579,,18,20,0.5263,,32,6,0.1579,,32,6,0.1579,
734,33,29,4,0.1212,,19,14,0.4242,,29,4,0.1212,,30,3,0.0909,
735,33,27,6,0.1818,,20,13,0.3939,,28,5,0.1515,,31,2,0.0606,
736,33,29,4,0.1212,,20,13,0.3939,,30,3,0.0909,,32,1,0.0303,
737,34,29,5,0.1471,,21,13,0.3824,,31,3,0.0882,,34,0,0.0000,
738,36,30,6,0.1667,,20,16,0.4444,,32,4,0.1111,,34,2,0.0556,
739,32,27,5,0.1563,,23,9,0.2813,,28,4,0.1250,,30,2,0.0625,
740,33,27,6,0.1818,,24,9,0.2727,,27,6,0.1818,,30,3,0.0909,
741,40,35,5,0.1250,,22,18,0.4500,,35,5,0.1250,,37,3,0.0750,
742,35,26,9,0.2571,,18,17,0.4857,,27,8,0.2286,,28,7,0.2000,
743,35,28,7,0.2000,,21,14,0.4000,,28,7,0.2000,,28,7,0.2000,
744,34,29,5,0.1471,,22,12,0.3529,,29,5,0.1471,,32,2,0.0588,
745,32,28,4,0.1250,,20,12,0.3750,,28,4,0.1250,,30,2,0.0625,
746,33,28,5,0.1515,,22,11,0.3333,,28,5,0.1515,,29,4,0.1212,
747,34,27,7,0.2059,,22,12,0.3529,,27,7,0.2059,,31,3,0.0882,
748,34,27,7,0.2059,,21,13,0.3824,,28,6,0.1765,,28,6,0.1765,
749,31,35,-4,0.1290,,21,10,0.3226,,35,-4,0.1290,,36,-5,0.1613,
750,35,31,4,0.1143,,21,14,0.4000,,32,3,0.0857,,34,1,0.0286,
751,36,33,3,0.0833,,20,16,0.4444,,33,3,0.0833,,33,3,0.0833,
752,41,34,7,0.1707,,24,17,0.4146,,34,7,0.1707,,34,7,0.1707,
753,43,31,12,0.2791,,23,20,0.4651,,32,11,0.2558,,33,10,0.2326,
754,39,38,1,0.0256,,24,15,0.3846,,38,1,0.0256,,39,0,0.0000,
755,43,34,9,0.2093,,21,22,0.5116,,35,8,0.1860,,36,7,0.1628,
756,45,29,16,0.3556,,20,25,0.5556,,29,16,0.3556,,31,14,0.3111,
757,46,29,17,0.3696,,20,26,0.5652,,29,17,0.3696,,30,16,0.3478,
758,48,29,19,0.3958,,18,30,0.6250,,29,19,0.3958,,31,17,0.3542,
759,43,26,17,0.3953,,17,26,0.6047,,27,16,0.3721,,30,13,0.3023,
760,43,28,15,0.3488,,22,21,0.4884,,30,13,0.3023,,33,10,0.2326,
761,45,31,14,0.3111,,19,26,0.5778,,31,14,0.3111,,35,10,0.2222,
762,48,35,13,0.2708,,21,27,0.5625,,36,12,0.2500,,37,11,0.2292,
763,49,39,10,0.2041,,19,30,0.6122,,40,9,0.1837,,42,7,0.1429,
764,49,37,12,0.2449,,21,28,0.5714,,37,12,0.2449,,41,8,0.1633,
765,50,37,13,0.2600,,21,29,0.5800,,38,12,0.2400,,42,8,0.1600,
766,46,34,12,0.2609,,18,28,0.6087,,36,10,0.2174,,38,8,0.1739,
767,47,32,15,0.3191,,22,25,0.5319,,33,14,0.2979,,35,12,0.2553,
768,49,39,10,0.2041,,23,26,0.5306,,39,10,0.2041,,42,7,0.1429,
769,42,28,14,0.3333,,22,20,0.4762,,29,13,0.3095,,31,11,0.2619,
770,35,33,2,0.0571,,21,14,0.4000,,34,1,0.0286,,36,-1,0.0286,
771,33,26,7,0.2121,,21,12,0.3636,,26,7,0.2121,,31,2,0.0606,
772,32,27,5,0.1563,,19,13,0.4063,,27,5,0.1563,,28,4,0.1250,
773,31,25,6,0.1935,,20,11,0.3548,,25,6,0.1935,,28,3,0.0968,
774,34,27,7,0.2059,,20,14,0.4118,,27,7,0.2059,,30,4,0.1176,
775,34,28,6,0.1765,,21,13,0.3824,,28,6,0.1765,,33,1,0.0294,
776,37,31,6,0.1622,,23,14,0.3784,,31,6,0.1622,,32,5,0.1351,
777,37,25,12,0.3243,,19,18,0.4865,,25,12,0.3243,,31,6,0.1622,
778,31,24,7,0.2258,,20,11,0.3548,,24,7,0.2258,,25,6,0.1935,
779,33,28,5,0.1515,,18,15,0.4545,,29,4,0.1212,,31,2,0.0606,
780,29,28,1,0.0345,,19,10,0.3448,,29,0,0.0000,,31,-2,0.0690,
781,29,31,-2,0.0690,,18,11,0.3793,,31,-2,0.0690,,32,-3,0.1034,
782,27,26,1,0.0370,,19,8,0.2963,,26,1,0.0370,,29,-2,0.0741,
783,28,28,0,0.0000,,17,11,0.3929,,28,0,0.0000,,30,-2,0.0714,
784,28,28,0,0.0000,,17,11,0.3929,,28,0,0.0000,,29,-1,0.0357,
785,28,24,4,0.1429,,20,8,0.2857,,24,4,0.1429,,26,2,0.0714,
786,27,23,4,0.1481,,18,9,0.3333,,24,3,0.1111,,25,2,0.0741,
787,28,26,2,0.0714,,18,10,0.3571,,27,1,0.0357,,28,0,0.0000,
788,27,24,3,0.1111,,18,9,0.3333,,24,3,0.1111,,24,3,0.1111,
789,29,26,3,0.1034,,21,8,0.2759,,26,3,0.1034,,26,3,0.1034,
790,29,23,6,0.2069,,20,9,0.3103,,23,6,0.2069,,24,5,0.1724,
791,30,29,1,0.0333,,21,9,0.3000,,29,1,0.0333,,31,-1,0.0333,
792,32,23,9,0.2813,,21,11,0.3438,,24,8,0.2500,,24,8,0.2500,
793,31,27,4,0.1290,,20,11,0.3548,,27,4,0.1290,,29,2,0.0645,
794,30,27,3,0.1000,,22,8,0.2667,,27,3,0.1000,,29,1,0.0333,
795,28,25,3,0.1071,,20,8,0.2857,,25,3,0.1071,,26,2,0.0714,
796,28,23,5,0.1786,,18,10,0.3571,,25,3,0.1071,,27,1,0.0357,
797,27,18,9,0.3333,,17,10,0.3704,,18,9,0.3333,,20,7,0.2593,
798,26,19,7,0.2692,,17,9,0.3462,,19,7,0.2692,,24,2,0.0769,
799,28,32,-4,0.1429,,18,10,0.3571,,32,-4,0.1429,,36,-8,0.2857,
800,33,29,4,0.1212,,22,11,0.3333,,31,2,0.0606,,32,1,0.0303,
801,34,30,4,0.1176,,25,9,0.2647,,30,4,0.1176,,31,3,0.0882,
802,34,27,7,0.2059,,21,13,0.3824,,27,7,0.2059,,29,5,0.1471,
803,29,23,6,0.2069,,17,12,0.4138,,25,4,0.1379,,25,4,0.1379,
804,30,21,9,0.3000,,20,10,0.3333,,21,9,0.3000,,26,4,0.1333,
805,33,30,3,0.0909,,25,8,0.2424,,30,3,0.0909,,33,0,0.0000,
806,30,28,2,0.0667,,20,10,0.3333,,28,2,0.0667,,29,1,0.0333,
807,27,22,5,0.1852,,19,8,0.2963,,22,5,0.1852,,25,2,0.0741,
808,26,21,5,0.1923,,16,10,0.3846,,24,2,0.0769,,25,1,0.0385,
809,28,28,0,0.0000,,22,6,0.2143,,29,-1,0.0357,,30,-2,0.0714,
810,26,26,0,0.0000,,16,10,0.3846,,26,0,0.0000,,31,-5,0.1923,
811,26,24,2,0.0769,,18,8,0.3077,,27,-1,0.0385,,29,-3,0.1154,
812,27,24,3,0.1111,,17,10,0.3704,,25,2,0.0741,,26,1,0.0370,
813,28,22,6,0.2143,,15,13,0.4643,,22,6,0.2143,,23,5,0.1786,
814,30,21,9,0.3000,,18,12,0.4000,,22,8,0.2667,,24,6,0.2000,
815,30,24,6,0.2000,,20,10,0.3333,,24,6,0.2000,,26,4,0.1333,
816,26,22,4,0.1538,,19,7,0.2692,,22,4,0.1538,,29,-3,0.1154,
817,29,23,6,0.2069,,19,10,0.3448,,23,6,0.2069,,26,3,0.1034,
818,26,22,4,0.1538,,18,8,0.3077,,23,3,0.1154,,26,0,0.0000,
819,27,21,6,0.2222,,18,9,0.3333,,21,6,0.2222,,24,3,0.1111,
820,33,28,5,0.1515,,23,10,0.3030,,29,4,0.1212,,30,3,0.0909,
821,37,32,5,0.1351,,25,12,0.3243,,34,3,0.0811,,37,0,0.0000,
822,34,30,4,0.1176,,24,10,0.2941,,30,4,0.1176,,30,4,0.1176,
823,36,32,4,0.1111,,23,13,0.3611,,33,3,0.0833,,35,1,0.0278,
824,34,31,3,0.0882,,22,12,0.3529,,32,2,0.0588,,33,1,0.0294,
825,33,24,9,0.2727,,21,12,0.3636,,26,7,0.2121,,28,5,0.1515,
826,32,25,7,0.2188,,20,12,0.3750,,26,6,0.1875,,28,4,0.1250,
827,32,26,6,0.1875,,20,12,0.3750,,27,5,0.1563,,27,5,0.1563,
828,33,25,8,0.2424,,21,12,0.3636,,25,8,0.2424,,26,7,0.2121,
829,31,26,5,0.1613,,20,11,0.3548,,26,5,0.1613,,27,4,0.1290,
830,33,24,9,0.2727,,20,13,0.3939,,24,9,0.2727,,25,8,0.2424,
831,34,28,6,0.1765,,20,14,0.4118,,28,6,0.1765,,30,4,0.1176,
832,35,23,12,0.3429,,19,16,0.4571,,23,12,0.3429,,26,9,0.2571,
833,32,23,9,0.2813,,18,14,0.4375,,23,9,0.2813,,25,7,0.2188,
834,28,21,7,0.2500,,16,12,0.4286,,21,7,0.2500,,21,7,0.2500,
835,22,24,-2,0.0909,,16,6,0.2727,,24,-2,0.0909,,25,-3,0.1364,
836,25,18,7,0.2800,,16,9,0.3600,,20,5,0.2000,,21,4,0.1600,
837,26,24,2,0.0769,,18,8,0.3077,,25,1,0.0385,,26,0,0.0000,
838,32,27,5,0.1563,,18,14,0.4375,,27,5,0.1563,,29,3,0.0938,
839,32,31,1,0.0313,,22,10,0.3125,,31,1,0.0313,,31,1,0.0313,
840,31,28,3,0.0968,,20,11,0.3548,,28,3,0.0968,,31,0,0.0000,
841,32,29,3,0.0938,,18,14,0.4375,,29,3,0.0938,,29,3,0.0938,
842,32,30,2,0.0625,,22,10,0.3125,,31,1,0.0313,,35,-3,0.0938,
843,27,28,-1,0.0370,,20,7,0.2593,,29,-2,0.0741,,29,-2,0.0741,
844,27,28,-1,0.0370,,19,8,0.2963,,28,-1,0.0370,,29,-2,0.0741,
845,25,24,1,0.0400,,19,6,0.2400,,25,0,0.0000,,25,0,0.0000,
846,23,21,2,0.0870,,16,7,0.3043,,22,1,0.0435,,22,1,0.0435,
847,21,22,-1,0.0476,,15,6,0.2857,,22,-1,0.0476,,22,-1,0.0476,
848,23,20,3,0.1304,,15,8,0.3478,,21,2,0.0870,,22,1,0.0435,
849,23,25,-2,0.0870,,18,5,0.2174,,25,-2,0.0870,,26,-3,0.1304,
850,25,25,0,0.0000,,17,8,0.3200,,25,0,0.0000,,27,-2,0.0800,
851,24,24,0,0.0000,,18,6,0.2500,,24,0,0.0000,,28,-4,0.1667,
852,24,25,-1,0.0417,,18,6,0.2500,,26,-2,0.0833,,28,-4,0.1667,
853,24,25,-1,0.0417,,18,6,0.2500,,25,-1,0.0417,,26,-2,0.0833,
854,21,22,-1,0.0476,,17,4,0.1905,,23,-2,0.0952,,24,-3,0.1429,
855,22,25,-3,0.1364,,15,7,0.3182,,25,-3,0.1364,,26,-4,0.1818,
856,22,24,-2,0.0909,,15,7,0.3182,,25,-3,0.1364,,29,-7,0.3182,
857,21,26,-5,0.2381,,16,5,0.2381,,27,-6,0.2857,,30,-9,0.4286,
858,23,21,2,0.0870,,16,7,0.3043,,23,0,0.0000,,26,-3,0.1304,
859,25,24,1,0.0400,,18,7,0.2800,,24,1,0.0400,,27,-2,0.0800,
860,23,21,2,0.0870,,15,8,0.3478,,21,2,0.0870,,25,-2,0.0870,
861,23,24,-1,0.0435,,16,7,0.3043,,25,-2,0.0870,,29,-6,0.2609,
862,25,23,2,0.0800,,19,6,0.2400,,23,2,0.0800,,25,0,0.0000,
863,25,27,-2,0.0800,,18,7,0.2800,,27,-2,0.0800,,28,-3,0.1200,
864,24,28,-4,0.1667,,19,5,0.2083,,29,-5,0.2083,,29,-5,0.2083,
865,21,23,-2,0.0952,,15,6,0.2857,,23,-2,0.0952,,24,-3,0.1429,
866,21,20,1,0.0476,,15,6,0.2857,,21,0,0.0000,,26,-5,0.2381,
867,22,31,-9,0.4091,,18,4,0.1818,,32,-10,0.4545,,36,-14,0.6364,
868,22,29,-7,0.3182,,16,6,0.2727,,30,-8,0.3636,,35,-13,0.5909,
869,23,27,-4,0.1739,,19,4,0.1739,,28,-5,0.2174,,29,-6,0.2609,
870,23,25,-2,0.0870,,17,6,0.2609,,25,-2,0.0870,,26,-3,0.1304,
871,23,28,-5,0.2174,,21,2,0.0870,,28,-5,0.2174,,29,-6,0.2609,
872,27,29,-2,0.0741,,21,6,0.2222,,29,-2,0.0741,,32,-5,0.1852,
873,29,27,2,0.0690,,21,8,0.2759,,27,2,0.0690,,30,-1,0.0345,
874,27,25,2,0.0741,,21,6,0.2222,,26,1,0.0370,,28,-1,0.0370,
875,28,25,3,0.1071,,21,7,0.2500,,27,1,0.0357,,28,0,0.0000,
876,28,24,4,0.1429,,20,8,0.2857,,24,4,0.1429,,25,3,0.1071,
877,30,25,5,0.1667,,21,9,0.3000,,25,5,0.1667,,26,4,0.1333,
878,31,25,6,0.1935,,23,8,0.2581,,25,6,0.1935,,26,5,0.1613,
879,28,24,4,0.1429,,22,6,0.2143,,25,3,0.1071,,26,2,0.0714,
880,32,24,8,0.2500,,19,13,0.4063,,24,8,0.2500,,27,5,0.1563,
881,29,28,1,0.0345,,20,9,0.3103,,28,1,0.0345,,29,0,0.0000,
882,28,27,1,0.0357,,20,8,0.2857,,27,1,0.0357,,28,0,0.0000,
883,28,25,3,0.1071,,19,9,0.3214,,25,3,0.1071,,25,3,0.1071,
884,24,20,4,0.1667,,16,8,0.3333,,21,3,0.1250,,21,3,0.1250,
885,25,22,3,0.1200,,18,7,0.2800,,22,3,0.1200,,25,0,0.0000,
886,25,23,2,0.0800,,17,8,0.3200,,24,1,0.0400,,26,-1,0.0400,
887,22,23,-1,0.0455,,17,5,0.2273,,23,-1,0.0455,,25,-3,0.1364,
888,22,26,-4,0.1818,,18,4,0.1818,,26,-4,0.1818,,28,-6,0.2727,
889,22,26,-4,0.1818,,19,3,0.1364,,29,-7,0.3182,,31,-9,0.4091,
890,23,23,0,0.0000,,18,5,0.2174,,24,-1,0.0435,,25,-2,0.0870,
891,25,25,0,0.0000,,18,7,0.2800,,25,0,0.0000,,26,-1,0.0400,
892,27,27,0,0.0000,,20,7,0.2593,,27,0,0.0000,,28,-1,0.0370,
893,30,27,3,0.1000,,20,10,0.3333,,28,2,0.0667,,28,2,0.0667,
894,29,29,0,0.0000,,18,11,0.3793,,29,0,0.0000,,29,0,0.0000,
895,32,27,5,0.1563,,21,11,0.3438,,28,4,0.1250,,28,4,0.1250,
896,36,27,9,0.2500,,18,18,0.5000,,28,8,0.2222,,29,7,0.1944,
897,40,32,8,0.2000,,21,19,0.4750,,34,6,0.1500,,36,4,0.1000,
898,41,31,10,0.2439,,21,20,0.4878,,32,9,0.2195,,34,7,0.1707,
899,42,30,12,0.2857,,21,21,0.5000,,30,12,0.2857,,31,11,0.2619,
900,41,35,6,0.1463,,22,19,0.4634,,35,6,0.1463,,39,2,0.0488,
901,45,32,13,0.2889,,19,26,0.5778,,34,11,0.2444,,36,9,0.2000,
902,46,34,12,0.2609,,19,27,0.5870,,36,10,0.2174,,36,10,0.2174,
903,45,36,9,0.2000,,20,25,0.5556,,37,8,0.1778,,40,5,0.1111,
904,45,31,14,0.3111,,24,21,0.4667,,32,13,0.2889,,36,9,0.2000,
905,43,32,11,0.2558,,21,22,0.5116,,34,9,0.2093,,38,5,0.1163,
906,42,34,8,0.1905,,23,19,0.4524,,34,8,0.1905,,37,5,0.1190,
907,41,34,7,0.1707,,23,18,0.4390,,34,7,0.1707,,38,3,0.0732,
908,41,32,9,0.2195,,22,19,0.4634,,33,8,0.1951,,36,5,0.1220,
909,42,34,8,0.1905,,21,21,0.5000,,34,8,0.1905,,35,7,0.1667,
910,41,38,3,0.0732,,23,18,0.4390,,38,3,0.0732,,40,1,0.0244,
911,42,40,2,0.0476,,24,18,0.4286,,40,2,0.0476,,43,-1,0.0238,
912,42,35,7,0.1667,,23,19,0.4524,,35,7,0.1667,,37,5,0.1190,
913,42,35,7,0.1667,,25,17,0.4048,,36,6,0.1429,,37,5,0.1190,
914,41,32,9,0.2195,,25,16,0.3902,,32,9,0.2195,,34,7,0.1707,
915,36,30,6,0.1667,,24,12,0.3333,,30,6,0.1667,,33,3,0.0833,
916,32,35,-3,0.0938,,26,6,0.1875,,36,-4,0.1250,,37,-5,0.1563,
917,31,32,-1,0.0323,,22,9,0.2903,,34,-3,0.0968,,35,-4,0.1290,
918,35,35,0,0.0000,,25,10,0.2857,,36,-1,0.0286,,39,-4,0.1143,
919,38,33,5,0.1316,,24,14,0.3684,,35,3,0.0789,,41,-3,0.0789,
920,35,31,4,0.1143,,25,10,0.2857,,33,2,0.0571,,37,-2,0.0571,
921,32,35,-3,0.0938,,20,12,0.3750,,36,-4,0.1250,,40,-8,0.2500,
922,34,34,0,0.0000,,22,12,0.3529,,35,-1,0.0294,,37,-3,0.0882,
923,38,41,-3,0.0789,,23,15,0.3947,,42,-4,0.1053,,47,-9,0.2368,
924,40,38,2,0.0500,,24,16,0.4000,,39,1,0.0250,,42,-2,0.0500,
925,40,35,5,0.1250,,24,16,0.4000,,35,5,0.1250,,39,1,0.0250,
926,40,37,3,0.0750,,26,14,0.3500,,37,3,0.0750,,39,1,0.0250,
927,43,36,7,0.1628,,25,18,0.4186,,37,6,0.1395,,42,1,0.0233,
928,38,35,3,0.0789,,28,10,0.2632,,36,2,0.0526,,39,-1,0.0263,
929,42,38,4,0.0952,,18,24,0.5714,,39,3,0.0714,,39,3,0.0714,
930,42,39,3,0.0714,,25,17,0.4048,,40,2,0.0476,,43,-1,0.0238,
931,36,37,-1,0.0278,,24,12,0.3333,,39,-3,0.0833,,41,-5,0.1389,
932,33,35,-2,0.0606,,24,9,0.2727,,35,-2,0.0606,,37,-4,0.1212,
933,32,30,2,0.0625,,23,9,0.2813,,30,2,0.0625,,31,1,0.0313,
934,35,31,4,0.1143,,22,13,0.3714,,31,4,0.1143,,35,0,0.0000,
935,36,39,-3,0.0833,,25,11,0.3056,,40,-4,0.1111,,40,-4,0.1111,
936,34,30,4,0.1176,,23,11,0.3235,,30,4,0.1176,,32,2,0.0588,
937,29,31,-2,0.0690,,22,7,0.2414,,31,-2,0.0690,,33,-4,0.1379,
938,31,31,0,0.0000,,23,8,0.2581,,32,-1,0.0323,,35,-4,0.1290,
939,31,31,0,0.0000,,22,9,0.2903,,31,0,0.0000,,35,-4,0.1290,
940,28,26,2,0.0714,,23,5,0.1786,,28,0,0.0000,,31,-3,0.1071,
941,26,27,-1,0.0385,,22,4,0.1538,,29,-3,0.1154,,33,-7,0.2692,
942,25,26,-1,0.0400,,21,4,0.1600,,27,-2,0.0800,,29,-4,0.1600,
943,25,27,-2,0.0800,,20,5,0.2000,,28,-3,0.1200,,28,-3,0.1200,
944,26,27,-1,0.0385,,21,5,0.1923,,28,-2,0.0769,,28,-2,0.0769,
945,31,36,-5,0.1613,,23,8,0.2581,,36,-5,0.1613,,38,-7,0.2258,
946,26,27,-1,0.0385,,23,3,0.1154,,28,-2,0.0769,,28,-2,0.0769,
947,30,30,0,0.0000,,21,9,0.3000,,30,0,0.0000,,35,-5,0.1667,
948,30,29,1,0.0333,,23,7,0.2333,,29,1,0.0333,,29,1,0.0333,
949,32,33,-1,0.0313,,24,8,0.2500,,33,-1,0.0313,,35,-3,0.0938,
950,33,32,1,0.0303,,23,10,0.3030,,32,1,0.0303,,35,-2,0.0606,
951,32,31,1,0.0313,,23,9,0.2813,,31,1,0.0313,,33,-1,0.0313,
952,34,32,2,0.0588,,25,9,0.2647,,33,1,0.0294,,35,-1,0.0294,
953,37,33,4,0.1081,,19,18,0.4865,,33,4,0.1081,,34,3,0.0811,
954,34,35,-1,0.0294,,26,8,0.2353,,36,-2,0.0588,,36,-2,0.0588,
955,33,29,4,0.1212,,24,9,0.2727,,29,4,0.1212,,30,3,0.0909,
956,32,32,0,0.0000,,23,9,0.2813,,32,0,0.0000,,33,-1,0.0313,
957,32,32,0,0.0000,,20,12,0.3750,,34,-2,0.0625,,39,-7,0.2188,
958,33,32,1,0.0303,,21,12,0.3636,,32,1,0.0303,,34,-1,0.0303,
959,31,28,3,0.0968,,21,10,0.3226,,28,3,0.0968,,32,-1,0.0323,
960,30,29,1,0.0333,,22,8,0.2667,,29,1,0.0333,,32,-2,0.0667,
961,34,28,6,0.1765,,20,14,0.4118,,30,4,0.1176,,32,2,0.0588,
962,31,25,6,0.1935,,21,10,0.3226,,25,6,0.1935,,26,5,0.1613,
963,31,29,2,0.0645,,22,9,0.2903,,29,2,0.0645,,31,0,0.0000,
964,30,27,3,0.1000,,23,7,0.2333,,28,2,0.0667,,28,2,0.0667,
965,29,26,3,0.1034,,20,9,0.3103,,27,2,0.0690,,29,0,0.0000,
966,28,27,1,0.0357,,21,7,0.2500,,27,1,0.0357,,28,0,0.0000,
967,32,28,4,0.1250,,20,12,0.3750,,28,4,0.1250,,30,2,0.0625,
968,30,25,5,0.1667,,20,10,0.3333,,25,5,0.1667,,26,4,0.1333,
969,32,26,6,0.1875,,20,12,0.3750,,27,5,0.1563,,30,2,0.0625,
970,31,25,6,0.1935,,22,9,0.2903,,26,5,0.1613,,27,4,0.1290,
971,32,29,3,0.0938,,22,10,0.3125,,29,3,0.0938,,31,1,0.0313,
972,32,32,0,0.0000,,24,8,0.2500,,32,0,0.0000,,34,-2,0.0625,
973,34,30,4,0.1176,,24,10,0.2941,,31,3,0.0882,,33,1,0.0294,
974,35,28,7,0.2000,,23,12,0.3429,,28,7,0.2000,,29,6,0.1714,
975,35,30,5,0.1429,,23,12,0.3429,,32,3,0.0857,,33,2,0.0571,
976,32,32,0,0.0000,,23,9,0.2813,,33,-1,0.0313,,36,-4,0.1250,
977,35,30,5,0.1429,,24,11,0.3143,,31,4,0.1143,,34,1,0.0286,
978,37,33,4,0.1081,,27,10,0.2703,,33,4,0.1081,,35,2,0.0541,
979,37,33,4,0.1081,,24,13,0.3514,,34,3,0.0811,,35,2,0.0541,
980,41,27,14,0.3415,,21,20,0.4878,,27,14,0.3415,,30,11,0.2683,
981,39,29,10,0.2564,,21,18,0.4615,,30,9,0.2308,,33,6,0.1538,
982,38,33,5,0.1316,,23,15,0.3947,,34,4,0.1053,,37,1,0.0263,
983,39,32,7,0.1795,,19,20,0.5128,,35,4,0.1026,,38,1,0.0256,
984,38,32,6,0.1579,,22,16,0.4211,,33,5,0.1316,,34,4,0.1053,
985,43,37,6,0.1395,,25,18,0.4186,,37,6,0.1395,,37,6,0.1395,
986,40,35,5,0.1250,,27,13,0.3250,,35,5,0.1250,,38,2,0.0500,
987,45,38,7,0.1556,,24,21,0.4667,,38,7,0.1556,,40,5,0.1111,
988,42,38,4,0.0952,,25,17,0.4048,,38,4,0.0952,,38,4,0.0952,
989,48,36,12,0.2500,,27,21,0.4375,,36,12,0.2500,,39,9,0.1875,
990,46,36,10,0.2174,,25,21,0.4565,,36,10,0.2174,,37,9,0.1957,
991,46,39,7,0.1522,,28,18,0.3913,,42,4,0.0870,,44,2,0.0435,
992,43,40,3,0.0698,,26,17,0.3953,,40,3,0.0698,,42,1,0.0233,
993,42,41,1,0.0238,,26,16,0.3810,,42,0,0.0000,,47,-5,0.1190,
994,42,39,3,0.0714,,24,18,0.4286,,39,3,0.0714,,42,0,0.0000,
995,44,34,10,0.2273,,27,17,0.3864,,34,10,0.2273,,37,7,0.1591,
996,45,35,10,0.2222,,26,19,0.4222,,36,9,0.2000,,39,6,0.1333,
997,43,38,5,0.1163,,25,18,0.4186,,40,3,0.0698,,40,3,0.0698,
998,41,33,8,0.1951,,21,20,0.4878,,34,7,0.1707,,34,7,0.1707,
999,42,36,6,0.1429,,23,19,0.4524,,37,5,0.1190,,38,4,0.0952,
1000,41,33,8,0.1951,,23,18,0.4390,,34,7,0.1707,,35,6,0.1463,
1001,39,30,9,0.2308,,26,13,0.3333,,32,7,0.1795,,34,5,0.1282,
1002,39,36,3,0.0769,,21,18,0.4615,,36,3,0.0769,,40,-1,0.0256,
1003,40,28,12,0.3000,,21,19,0.4750,,28,12,0.3000,,33,7,0.1750,
1004,36,34,2,0.0556,,21,15,0.4167,,34,2,0.0556,,37,-1,0.0278,
1005,37,36,1,0.0270,,25,12,0.3243,,37,0,0.0000,,38,-1,0.0270,
1006,38,35,3,0.0789,,23,15,0.3947,,35,3,0.0789,,39,-1,0.0263,
1007,35,34,1,0.0286,,22,13,0.3714,,34,1,0.0286,,38,-3,0.0857,
1008,36,42,-6,0.1667,,24,12,0.3333,,43,-7,0.1944,,43,-7,0.1944,
1009,38,35,3,0.0789,,25,13,0.3421,,36,2,0.0526,,37,1,0.0263,
1010,38,35,3,0.0789,,24,14,0.3684,,35,3,0.0789,,35,3,0.0789,
1011,40,34,6,0.1500,,23,17,0.4250,,36,4,0.1000,,41,-1,0.0250,
1012,42,39,3,0.0714,,30,12,0.2857,,39,3,0.0714,,41,1,0.0238,
1013,42,37,5,0.1190,,19,23,0.5476,,38,4,0.0952,,40,2,0.0476,
1014,43,36,7,0.1628,,22,21,0.4884,,37,6,0.1395,,39,4,0.0930,
1015,42,35,7,0.1667,,23,19,0.4524,,38,4,0.0952,,40,2,0.0476,
1016,41,38,3,0.0732,,23,18,0.4390,,38,3,0.0732,,42,-1,0.0244,
1017,44,40,4,0.0909,,23,21,0.4773,,40,4,0.0909,,40,4,0.0909,
1018,41,34,7,0.1707,,23,18,0.4390,,36,5,0.1220,,40,1,0.0244,
1019,38,36,2,0.0526,,21,17,0.4474,,36,2,0.0526,,37,1,0.0263,
1020,41,36,5,0.1220,,27,14,0.3415,,36,5,0.1220,,38,3,0.0732,
1021,38,35,3,0.0789,,24,14,0.3684,,38,0,0.0000,,39,-1,0.0263,
1022,34,32,2,0.0588,,24,10,0.2941,,33,1,0.0294,,37,-3,0.0882,
1023,32,33,-1,0.0313,,26,6,0.1875,,34,-2,0.0625,,37,-5,0.1563,
1024,30,37,-7,0.2333,,26,4,0.1333,,38,-8,0.2667,,39,-9,0.3000,
1025,30,37,-7,0.2333,,21,9,0.3000,,38,-8,0.2667,,39,-9,0.3000,
1026,29,31,-2,0.0690,,22,7,0.2414,,32,-3,0.1034,,34,-5,0.1724,
1027,26,30,-4,0.1538,,21,5,0.1923,,30,-4,0.1538,,32,-6,0.2308,
1028,32,39,-7,0.2188,,23,9,0.2813,,39,-7,0.2188,,44,-12,0.3750,
1029,33,33,0,0.0000,,23,10,0.3030,,34,-1,0.0303,,37,-4,0.1212,
1030,34,35,-1,0.0294,,23,11,0.3235,,37,-3,0.0882,,39,-5,0.1471,
1031,36,29,7,0.1944,,24,12,0.3333,,30,6,0.1667,,30,6,0.1667,
1032,36,32,4,0.1111,,24,12,0.3333,,32,4,0.1111,,33,3,0.0833,
1033,35,36,-1,0.0286,,20,15,0.4286,,37,-2,0.0571,,38,-3,0.0857,
1034,34,29,5,0.1471,,24,10,0.2941,,30,4,0.1176,,33,1,0.0294,
1035,33,33,0,0.0000,,24,9,0.2727,,34,-1,0.0303,,35,-2,0.0606,
1036,36,36,0,0.0000,,27,9,0.2500,,36,0,0.0000,,37,-1,0.0278,
1037,36,34,2,0.0556,,22,14,0.3889,,37,-1,0.0278,,38,-2,0.0556,
1038,33,28,5,0.1515,,23,10,0.3030,,28,5,0.1515,,35,-2,0.0606,
1039,27,33,-6,0.2222,,24,3,0.1111,,33,-6,0.2222,,37,-10,0.3704,
1040,26,32,-6,0.2308,,19,7,0.2692,,32,-6,0.2308,,32,-6,0.2308,
1041,27,30,-3,0.1111,,17,10,0.3704,,31,-4,0.1481,,34,-7,0.2593,
1042,25,25,0,0.0000,,19,6,0.2400,,25,0,0.0000,,26,-1,0.0400,
1043,23,23,0,0.0000,,16,7,0.3043,,24,-1,0.0435,,24,-1,0.0435,
1044,22,28,-6,0.2727,,14,8,0.3636,,29,-7,0.3182,,30,-8,0.3636,
1045,22,27,-5,0.2273,,16,6,0.2727,,27,-5,0.2273,,31,-9,0.4091,
1046,22,31,-9,0.4091,,17,5,0.2273,,32,-10,0.4545,,35,-13,0.5909,
1047,22,28,-6,0.2727,,19,3,0.1364,,29,-7,0.3182,,33,-11,0.5000,
1048,24,27,-3,0.1250,,22,2,0.0833,,28,-4,0.1667,,33,-9,0.3750,
1049,24,31,-7,0.2917,,21,3,0.1250,,31,-7,0.2917,,32,-8,0.3333,
1050,26,34,-8,0.3077,,24,2,0.0769,,34,-8,0.3077,,35,-9,0.3462,
1051,26,29,-3,0.1154,,23,3,0.1154,,30,-4,0.1538,,31,-5,0.1923,
1052,30,32,-2,0.0667,,21,9,0.3000,,33,-3,0.1000,,35,-5,0.1667,
1053,29,35,-6,0.2069,,19,10,0.3448,,35,-6,0.2069,,38,-9,0.3103,
1054,31,39,-8,0.2581,,20,11,0.3548,,40,-9,0.2903,,43,-12,0.3871,
1055,36,31,5,0.1389,,18,18,0.5000,,32,4,0.1111,,34,2,0.0556,
1056,36,35,1,0.0278,,21,15,0.4167,,39,-3,0.0833,,42,-6,0.1667,
1057,38,31,7,0.1842,,25,13,0.3421,,31,7,0.1842,,34,4,0.1053,
1058,38,37,1,0.0263,,24,14,0.3684,,38,0,0.0000,,38,0,0.0000,
1059,38,42,-4,0.1053,,27,11,0.2895,,44,-6,0.1579,,46,-8,0.2105,
1060,37,38,-1,0.0270,,27,10,0.2703,,39,-2,0.0541,,41,-4,0.1081,
1061,37,42,-5,0.1351,,24,13,0.3514,,43,-6,0.1622,,45,-8,0.2162,
1062,38,40,-2,0.0526,,22,16,0.4211,,41,-3,0.0789,,41,-3,0.0789,
1063,36,37,-1,0.0278,,21,15,0.4167,,38,-2,0.0556,,38,-2,0.0556,
1064,37,32,5,0.1351,,23,14,0.3784,,33,4,0.1081,,35,2,0.0541,
1065,41,42,-1,0.0244,,25,16,0.3902,,43,-2,0.0488,,44,-3,0.0732,
1066,39,35,4,0.1026,,24,15,0.3846,,35,4,0.1026,,38,1,0.0256,
1067,36,34,2,0.0556,,25,11,0.3056,,34,2,0.0556,,36,0,0.0000,
1068,33,32,1,0.0303,,20,13,0.3939,,33,0,0.0000,,34,-1,0.0303,
1069,31,27,4,0.1290,,22,9,0.2903,,29,2,0.0645,,31,0,0.0000,
1070,33,32,1,0.0303,,26,7,0.2121,,32,1,0.0303,,36,-3,0.0909,
1071,36,34,2,0.0556,,24,12,0.3333,,34,2,0.0556,,35,1,0.0278,
1072,32,35,-3,0.0938,,23,9,0.2813,,35,-3,0.0938,,36,-4,0.1250,
1073,30,28,2,0.0667,,22,8,0.2667,,29,1,0.0333,,30,0,0.0000,
1074,31,31,0,0.0000,,23,8,0.2581,,31,0,0.0000,,33,-2,0.0645,
1075,30,26,4,0.1333,,20,10,0.3333,,26,4,0.1333,,29,1,0.0333,
1076,29,25,4,0.1379,,16,13,0.4483,,25,4,0.1379,,28,1,0.0345,
1077,29,26,3,0.1034,,18,11,0.3793,,26,3,0.1034,,29,0,0.0000,
1078,30,33,-3,0.1000,,20,10,0.3333,,35,-5,0.1667,,39,-9,0.3000,
1079,31,31,0,0.0000,,20,11,0.3548,,33,-2,0.0645,,34,-3,0.0968,
1080,28,29,-1,0.0357,,20,8,0.2857,,29,-1,0.0357,,29,-1,0.0357,
1081,26,33,-7,0.2692,,22,4,0.1538,,34,-8,0.3077,,37,-11,0.4231,
1082,27,25,2,0.0741,,17,10,0.3704,,27,0,0.0000,,29,-2,0.0741,
1083,31,36,-5,0.1613,,21,10,0.3226,,36,-5,0.1613,,39,-8,0.2581,
1084,30,26,4,0.1333,,22,8,0.2667,,27,3,0.1000,,30,0,0.0000,
1085,32,35,-3,0.0938,,20,12,0.3750,,37,-5,0.1563,,39,-7,0.2188,
1086,32,32,0,0.0000,,22,10,0.3125,,32,0,0.0000,,34,-2,0.0625,
1087,33,31,2,0.0606,,22,11,0.3333,,31,2,0.0606,,31,2,0.0606,
1088,30,32,-2,0.0667,,23,7,0.2333,,34,-4,0.1333,,35,-5,0.1667,
1089,28,28,0,0.0000,,20,8,0.2857,,28,0,0.0000,,32,-4,0.1429,
1090,29,29,0,0.0000,,20,9,0.3103,,32,-3,0.1034,,34,-5,0.1724,
1091,31,30,1,0.0323,,21,10,0.3226,,30,1,0.0323,,37,-6,0.1935,
1092,29,29,0,0.0000,,22,7,0.2414,,31,-2,0.0690,,33,-4,0.1379,
1093,30,30,0,0.0000,,22,8,0.2667,,30,0,0.0000,,31,-1,0.0333,
1094,32,28,4,0.1250,,23,9,0.2813,,30,2,0.0625,,30,2,0.0625,
1095,30,33,-3,0.1000,,21,9,0.3000,,33,-3,0.1000,,35,-5,0.1667,
1096,29,26,3,0.1034,,21,8,0.2759,,26,3,0.1034,,27,2,0.0690,
1097,32,31,1,0.0313,,21,11,0.3438,,33,-1,0.0313,,36,-4,0.1250,
1098,33,32,1,0.0303,,22,11,0.3333,,32,1,0.0303,,32,1,0.0303,
1099,31,29,2,0.0645,,21,10,0.3226,,31,0,0.0000,,33,-2,0.0645,
1100,32,26,6,0.1875,,20,12,0.3750,,27,5,0.1563,,28,4,0.1250,
1101,32,30,2,0.0625,,22,10,0.3125,,31,1,0.0313,,32,0,0.0000,
1102,34,36,-2,0.0588,,25,9,0.2647,,37,-3,0.0882,,42,-8,0.2353,
1103,34,33,1,0.0294,,23,11,0.3235,,34,0,0.0000,,39,-5,0.1471,
1104,36,30,6,0.1667,,24,12,0.3333,,30,6,0.1667,,30,6,0.1667,
1105,36,32,4,0.1111,,24,12,0.3333,,33,3,0.0833,,38,-2,0.0556,
1106,34,29,5,0.1471,,20,14,0.4118,,31,3,0.0882,,31,3,0.0882,
1107,33,32,1,0.0303,,22,11,0.3333,,32,1,0.0303,,35,-2,0.0606,
1108,30,32,-2,0.0667,,22,8,0.2667,,32,-2,0.0667,,34,-4,0.1333,
1109,32,30,2,0.0625,,23,9,0.2813,,30,2,0.0625,,32,0,0.0000,
1110,36,34,2,0.0556,,20,16,0.4444,,34,2,0.0556,,35,1,0.0278,
1111,37,35,2,0.0541,,22,15,0.4054,,35,2,0.0541,,36,1,0.0270,
1112,35,36,-1,0.0286,,22,13,0.3714,,38,-3,0.0857,,38,-3,0.0857,
1113,36,35,1,0.0278,,26,10,0.2778,,36,0,0.0000,,37,-1,0.0278,
1114,31,34,-3,0.0968,,21,10,0.3226,,35,-4,0.1290,,41,-10,0.3226,
1115,30,28,2,0.0667,,21,9,0.3000,,28,2,0.0667,,30,0,0.0000,
1116,28,30,-2,0.0714,,25,3,0.1071,,30,-2,0.0714,,33,-5,0.1786,
1117,27,28,-1,0.0370,,23,4,0.1481,,28,-1,0.0370,,30,-3,0.1111,
1118,26,30,-4,0.1538,,22,4,0.1538,,31,-5,0.1923,,33,-7,0.2692,
1119,28,37,-9,0.3214,,23,5,0.1786,,39,-11,0.3929,,43,-15,0.5357,
1120,30,31,-1,0.0333,,23,7,0.2333,,32,-2,0.0667,,32,-2,0.0667,
1121,32,32,0,0.0000,,24,8,0.2500,,32,0,0.0000,,34,-2,0.0625,
1122,31,28,3,0.0968,,23,8,0.2581,,32,-1,0.0323,,34,-3,0.0968,
1123,30,30,0,0.0000,,20,10,0.3333,,30,0,0.0000,,33,-3,0.1000,
1124,30,28,2,0.0667,,23,7,0.2333,,28,2,0.0667,,30,0,0.0000,
1125,31,32,-1,0.0323,,20,11,0.3548,,32,-1,0.0323,,35,-4,0.1290,
1126,31,27,4,0.1290,,24,7,0.2258,,28,3,0.0968,,28,3,0.0968,
1127,32,27,5,0.1563,,22,10,0.3125,,28,4,0.1250,,29,3,0.0938,
1128,32,27,5,0.1563,,21,11,0.3438,,29,3,0.0938,,31,1,0.0313,
1129,35,34,1,0.0286,,23,12,0.3429,,34,1,0.0286,,34,1,0.0286,
1130,29,28,1,0.0345,,22,7,0.2414,,28,1,0.0345,,31,-2,0.0690,
1131,30,29,1,0.0333,,19,11,0.3667,,30,0,0.0000,,32,-2,0.0667,
1132,33,33,0,0.0000,,22,11,0.3333,,34,-1,0.0303,,37,-4,0.1212,
1133,38,37,1,0.0263,,22,16,0.4211,,37,1,0.0263,,39,-1,0.0263,
1134,36,32,4,0.1111,,26,10,0.2778,,32,4,0.1111,,34,2,0.0556,
1135,33,32,1,0.0303,,25,8,0.2424,,34,-1,0.0303,,34,-1,0.0303,
1136,34,34,0,0.0000,,21,13,0.3824,,34,0,0.0000,,36,-2,0.0588,
1137,36,37,-1,0.0278,,23,13,0.3611,,37,-1,0.0278,,39,-3,0.0833,
1138,39,30,9,0.2308,,20,19,0.4872,,30,9,0.2308,,33,6,0.1538,
1139,35,30,5,0.1429,,20,15,0.4286,,30,5,0.1429,,30,5,0.1429,
1140,37,33,4,0.1081,,22,15,0.4054,,34,3,0.0811,,35,2,0.0541,
1141,44,31,13,0.2955,,24,20,0.4545,,31,13,0.2955,,33,11,0.2500,
1142,41,37,4,0.0976,,24,17,0.4146,,39,2,0.0488,,41,0,0.0000,
1143,42,33,9,0.2143,,22,20,0.4762,,35,7,0.1667,,37,5,0.1190,
1144,40,35,5,0.1250,,22,18,0.4500,,35,5,0.1250,,36,4,0.1000,
1145,37,33,4,0.1081,,22,15,0.4054,,34,3,0.0811,,39,-2,0.0541,
1146,40,35,5,0.1250,,21,19,0.4750,,36,4,0.1000,,38,2,0.0500,
1147,40,34,6,0.1500,,22,18,0.4500,,34,6,0.1500,,35,5,0.1250,
1148,37,35,2,0.0541,,20,17,0.4595,,36,1,0.0270,,38,-1,0.0270,
1149,31,31,0,0.0000,,21,10,0.3226,,32,-1,0.0323,,33,-2,0.0645,
1150,33,33,0,0.0000,,24,9,0.2727,,34,-1,0.0303,,36,-3,0.0909,
1151,34,32,2,0.0588,,23,11,0.3235,,35,-1,0.0294,,35,-1,0.0294,
1152,33,27,6,0.1818,,20,13,0.3939,,27,6,0.1818,,30,3,0.0909,
1153,32,34,-2,0.0625,,25,7,0.2188,,35,-3,0.0938,,37,-5,0.1563,
1154,32,27,5,0.1563,,18,14,0.4375,,28,4,0.1250,,32,0,0.0000,
1155,24,32,-8,0.3333,,17,7,0.2917,,34,-10,0.4167,,34,-10,0.4167,
1156,26,28,-2,0.0769,,17,9,0.3462,,29,-3,0.1154,,29,-3,0.1154,
1157,26,26,0,0.0000,,19,7,0.2692,,27,-1,0.0385,,30,-4,0.1538,
1158,26,23,3,0.1154,,18,8,0.3077,,24,2,0.0769,,28,-2,0.0769,
1159,28,27,1,0.0357,,21,7,0.2500,,27,1,0.0357,,28,0,0.0000,
1160,31,26,5,0.1613,,18,13,0.4194,,27,4,0.1290,,31,0,0.0000,
1161,30,30,0,0.0000,,19,11,0.3667,,31,-1,0.0333,,32,-2,0.0667,
1162,33,28,5,0.1515,,19,14,0.4242,,28,5,0.1515,,31,2,0.0606,
1163,34,30,4,0.1176,,20,14,0.4118,,30,4,0.1176,,32,2,0.0588,
1164,34,33,1,0.0294,,21,13,0.3824,,34,0,0.0000,,35,-1,0.0294,
1165,33,34,-1,0.0303,,21,12,0.3636,,35,-2,0.0606,,36,-3,0.0909,
1166,32,29,3,0.0938,,18,14,0.4375,,32,0,0.0000,,37,-5,0.1563,
1167,30,26,4,0.1333,,17,13,0.4333,,28,2,0.0667,,30,0,0.0000,
1168,31,27,4,0.1290,,20,11,0.3548,,28,3,0.0968,,30,1,0.0323,
1169,32,28,4,0.1250,,22,10,0.3125,,30,2,0.0625,,33,-1,0.0313,
1170,31,24,7,0.2258,,22,9,0.2903,,25,6,0.1935,,26,5,0.1613,
1171,33,31,2,0.0606,,23,10,0.3030,,31,2,0.0606,,34,-1,0.0303,
1172,38,36,2,0.0526,,24,14,0.3684,,36,2,0.0526,,37,1,0.0263,
1173,35,36,-1,0.0286,,23,12,0.3429,,37,-2,0.0571,,39,-4,0.1143,
1174,44,39,5,0.1136,,21,23,0.5227,,40,4,0.0909,,40,4,0.0909,
1175,44,35,9,0.2045,,27,17,0.3864,,35,9,0.2045,,36,8,0.1818,
1176,47,38,9,0.1915,,21,26,0.5532,,38,9,0.1915,,43,4,0.0851,
1177,48,37,11,0.2292,,24,24,0.5000,,37,11,0.2292,,40,8,0.1667,
1178,43,34,9,0.2093,,23,20,0.4651,,35,8,0.1860,,38,5,0.1163,
1179,46,40,6,0.1304,,20,26,0.5652,,42,4,0.0870,,43,3,0.0652,
1180,43,35,8,0.1860,,25,18,0.4186,,35,8,0.1860,,36,7,0.1628,
1181,42,34,8,0.1905,,25,17,0.4048,,34,8,0.1905,,38,4,0.0952,
1182,45,34,11,0.2444,,28,17,0.3778,,35,10,0.2222,,40,5,0.1111,
1183,50,38,12,0.2400,,24,26,0.5200,,38,12,0.2400,,42,8,0.1600,
1184,49,37,12,0.2449,,25,24,0.4898,,37,12,0.2449,,39,10,0.2041,
1185,46,37,9,0.1957,,24,22,0.4783,,38,8,0.1739,,41,5,0.1087,
1186,45,31,14,0.3111,,24,21,0.4667,,32,13,0.2889,,34,11,0.2444,
1187,45,36,9,0.2000,,24,21,0.4667,,36,9,0.2000,,37,8,0.1778,
1188,47,37,10,0.2128,,23,24,0.5106,,38,9,0.1915,,40,7,0.1489,
1189,47,38,9,0.1915,,24,23,0.4894,,38,9,0.1915,,43,4,0.0851,
1190,44,35,9,0.2045,,25,19,0.4318,,36,8,0.1818,,38,6,0.1364,
1191,38,29,9,0.2368,,20,18,0.4737,,29,9,0.2368,,30,8,0.2105,
1192,38,28,10,0.2632,,22,16,0.4211,,30,8,0.2105,,32,6,0.1579,
1193,37,31,6,0.1622,,21,16,0.4324,,31,6,0.1622,,34,3,0.0811,
1194,35,33,2,0.0571,,22,13,0.3714,,33,2,0.0571,,34,1,0.0286,
1195,32,30,2,0.0625,,22,10,0.3125,,31,1,0.0313,,32,0,0.0000,
1196,27,24,3,0.1111,,20,7,0.2593,,24,3,0.1111,,29,-2,0.0741,
1197,29,30,-1,0.0345,,19,10,0.3448,,30,-1,0.0345,,31,-2,0.0690,
1198,29,25,4,0.1379,,19,10,0.3448,,25,4,0.1379,,27,2,0.0690,
1199,28,24,4,0.1429,,19,9,0.3214,,24,4,0.1429,,24,4,0.1429,
1200,29,27,2,0.0690,,22,7,0.2414,,28,1,0.0345,,29,0,0.0000,
1201,28,30,-2,0.0714,,21,7,0.2500,,31,-3,0.1071,,35,-7,0.2500,
1202,28,30,-2,0.0714,,23,5,0.1786,,30,-2,0.0714,,34,-6,0.2143,
1203,29,28,1,0.0345,,22,7,0.2414,,28,1,0.0345,,29,0,0.0000,
1204,31,30,1,0.0323,,23,8,0.2581,,31,0,0.0000,,32,-1,0.0323,
1205,34,27,7,0.2059,,22,12,0.3529,,27,7,0.2059,,30,4,0.1176,
1206,35,31,4,0.1143,,23,12,0.3429,,31,4,0.1143,,32,3,0.0857,
1207,35,34,1,0.0286,,22,13,0.3714,,35,0,0.0000,,36,-1,0.0286,
1208,35,37,-2,0.0571,,23,12,0.3429,,38,-3,0.0857,,41,-6,0.1714,
1209,37,30,7,0.1892,,24,13,0.3514,,30,7,0.1892,,32,5,0.1351,
1210,40,38,2,0.0500,,22,18,0.4500,,38,2,0.0500,,38,2,0.0500,
1211,40,33,7,0.1750,,22,18,0.4500,,33,7,0.1750,,37,3,0.0750,
1212,38,31,7,0.1842,,21,17,0.4474,,31,7,0.1842,,34,4,0.1053,
1213,41,33,8,0.1951,,21,20,0.4878,,34,7,0.1707,,35,6,0.1463,
1214,36,30,6,0.1667,,20,16,0.4444,,30,6,0.1667,,31,5,0.1389,
1215,32,31,1,0.0313,,18,14,0.4375,,31,1,0.0313,,33,-1,0.0313,
1216,35,29,6,0.1714,,22,13,0.3714,,30,5,0.1429,,33,2,0.0571,
1217,34,35,-1,0.0294,,20,14,0.4118,,35,-1,0.0294,,37,-3,0.0882,
1218,32,34,-2,0.0625,,23,9,0.2813,,36,-4,0.1250,,36,-4,0.1250,
1219,29,29,0,0.0000,,20,9,0.3103,,30,-1,0.0345,,31,-2,0.0690,
1220,27,27,0,0.0000,,19,8,0.2963,,27,0,0.0000,,28,-1,0.0370,
1221,26,29,-3,0.1154,,17,9,0.3462,,30,-4,0.1538,,35,-9,0.3462,
1222,28,31,-3,0.1071,,19,9,0.3214,,34,-6,0.2143,,39,-11,0.3929,
1223,27,30,-3,0.1111,,17,10,0.3704,,31,-4,0.1481,,35,-8,0.2963,
1224,27,28,-1,0.0370,,15,12,0.4444,,28,-1,0.0370,,32,-5,0.1852,
1225,28,33,-5,0.1786,,19,9,0.3214,,35,-7,0.2500,,40,-12,0.4286,
1226,28,29,-1,0.0357,,19,9,0.3214,,30,-2,0.0714,,32,-4,0.1429,
1227,29,32,-3,0.1034,,19,10,0.3448,,33,-4,0.1379,,35,-6,0.2069,
1228,29,27,2,0.0690,,19,10,0.3448,,27,2,0.0690,,30,-1,0.0345,
1229,30,27,3,0.1000,,19,11,0.3667,,28,2,0.0667,,31,-1,0.0333,
1230,30,28,2,0.0667,,20,10,0.3333,,30,0,0.0000,,35,-5,0.1667,
1231,31,34,-3,0.0968,,20,11,0.3548,,34,-3,0.0968,,37,-6,0.1935,
1232,33,29,4,0.1212,,20,13,0.3939,,29,4,0.1212,,31,2,0.0606,
1233,32,29,3,0.0938,,20,12,0.3750,,31,1,0.0313,,31,1,0.0313,
1234,36,29,7,0.1944,,25,11,0.3056,,30,6,0.1667,,31,5,0.1389,
1235,37,32,5,0.1351,,20,17,0.4595,,32,5,0.1351,,38,-1,0.0270,
1236,34,30,4,0.1176,,17,17,0.5000,,31,3,0.0882,,35,-1,0.0294,
1237,34,28,6,0.1765,,21,13,0.3824,,28,6,0.1765,,30,4,0.1176,
1238,37,29,8,0.2162,,21,16,0.4324,,32,5,0.1351,,35,2,0.0541,
1239,35,32,3,0.0857,,20,15,0.4286,,32,3,0.0857,,34,1,0.0286,
1240,35,34,1,0.0286,,26,9,0.2571,,34,1,0.0286,,35,0,0.0000,
1241,30,32,-2,0.0667,,21,9,0.3000,,32,-2,0.0667,,35,-5,0.1667,
1242,32,34,-2,0.0625,,24,8,0.2500,,34,-2,0.0625,,38,-6,0.1875,
1243,32,35,-3,0.0938,,24,8,0.2500,,36,-4,0.1250,,40,-8,0.2500,
1244,34,31,3,0.0882,,24,10,0.2941,,32,2,0.0588,,36,-2,0.0588,
1245,32,28,4,0.1250,,20,12,0.3750,,29,3,0.0938,,29,3,0.0938,
1246,31,30,1,0.0323,,19,12,0.3871,,31,0,0.0000,,32,-1,0.0323,
1247,32,27,5,0.1563,,22,10,0.3125,,29,3,0.0938,,31,1,0.0313,
1248,27,29,-2,0.0741,,21,6,0.2222,,30,-3,0.1111,,31,-4,0.1481,
1249,25,24,1,0.0400,,21,4,0.1600,,25,0,0.0000,,25,0,0.0000,
1250,30,29,1,0.0333,,20,10,0.3333,,29,1,0.0333,,31,-1,0.0333,
1251,29,27,2,0.0690,,16,13,0.4483,,27,2,0.0690,,30,-1,0.0345,
1252,28,26,2,0.0714,,19,9,0.3214,,26,2,0.0714,,27,1,0.0357,
1253,29,37,-8,0.2759,,23,6,0.2069,,37,-8,0.2759,,38,-9,0.3103,
1254,31,26,5,0.1613,,20,11,0.3548,,26,5,0.1613,,29,2,0.0645,
1255,31,28,3,0.0968,,21,10,0.3226,,31,0,0.0000,,33,-2,0.0645,
1256,32,26,6,0.1875,,23,9,0.2813,,26,6,0.1875,,28,4,0.1250,
1257,30,32,-2,0.0667,,14,16,0.5333,,33,-3,0.1000,,36,-6,0.2000,
1258,24,30,-6,0.2500,,18,6,0.2500,,30,-6,0.2500,,33,-9,0.3750,
1259,26,27,-1,0.0385,,14,12,0.4615,,27,-1,0.0385,,28,-2,0.0769,
1260,24,37,-13,0.5417,,20,4,0.1667,,39,-15,0.6250,,44,-20,0.8333,
1261,21,26,-5,0.2381,,20,1,0.0476,,28,-7,0.3333,,30,-9,0.4286,
1262,24,26,-2,0.0833,,18,6,0.2500,,26,-2,0.0833,,27,-3,0.1250,
1263,26,27,-1,0.0385,,19,7,0.2692,,28,-2,0.0769,,31,-5,0.1923,
1264,30,26,4,0.1333,,20,10,0.3333,,26,4,0.1333,,29,1,0.0333,
1265,33,24,9,0.2727,,20,13,0.3939,,25,8,0.2424,,26,7,0.2121,
1266,37,25,12,0.3243,,19,18,0.4865,,25,12,0.3243,,26,11,0.2973,
1267,33,27,6,0.1818,,18,15,0.4545,,29,4,0.1212,,29,4,0.1212,
1268,31,33,-2,0.0645,,19,12,0.3871,,33,-2,0.0645,,33,-2,0.0645,
1269,30,29,1,0.0333,,19,11,0.3667,,30,0,0.0000,,30,0,0.0000,
1270,29,27,2,0.0690,,20,9,0.3103,,27,2,0.0690,,32,-3,0.1034,
1271,29,31,-2,0.0690,,22,7,0.2414,,31,-2,0.0690,,31,-2,0.0690,
1272,34,25,9,0.2647,,20,14,0.4118,,25,9,0.2647,,26,8,0.2353,
1273,37,27,10,0.2703,,19,18,0.4865,,27,10,0.2703,,30,7,0.1892,
1274,33,22,11,0.3333,,19,14,0.4242,,22,11,0.3333,,24,9,0.2727,
1275,33,28,5,0.1515,,18,15,0.4545,,28,5,0.1515,,30,3,0.0909,
1276,28,32,-4,0.1429,,19,9,0.3214,,34,-6,0.2143,,35,-7,0.2500,
1277,29,24,5,0.1724,,17,12,0.4138,,25,4,0.1379,,27,2,0.0690,
1278,25,29,-4,0.1600,,19,6,0.2400,,29,-4,0.1600,,33,-8,0.3200,
1279,21,33,-12,0.5714,,17,4,0.1905,,35,-14,0.6667,,38,-17,0.8095,
1280,20,30,-10,0.5000,,20,0,0.0000,,31,-11,0.5500,,36,-16,0.8000,
1281,22,25,-3,0.1364,,19,3,0.1364,,26,-4,0.1818,,30,-8,0.3636,
1282,24,28,-4,0.1667,,16,8,0.3333,,28,-4,0.1667,,30,-6,0.2500,
1283,25,32,-7,0.2800,,18,7,0.2800,,32,-7,0.2800,,36,-11,0.4400,
1284,24,24,0,0.0000,,17,7,0.2917,,24,0,0.0000,,28,-4,0.1667,
1285,26,26,0,0.0000,,20,6,0.2308,,27,-1,0.0385,,27,-1,0.0385,
1286,26,28,-2,0.0769,,21,5,0.1923,,28,-2,0.0769,,29,-3,0.1154,
1287,23,27,-4,0.1739,,19,4,0.1739,,29,-6,0.2609,,29,-6,0.2609,
1288,26,27,-1,0.0385,,18,8,0.3077,,28,-2,0.0769,,28,-2,0.0769,
1289,26,28,-2,0.0769,,20,6,0.2308,,29,-3,0.1154,,30,-4,0.1538,
1290,25,27,-2,0.0800,,19,6,0.2400,,27,-2,0.0800,,29,-4,0.1600,
1291,26,25,1,0.0385,,20,6,0.2308,,27,-1,0.0385,,28,-2,0.0769,
1292,27,26,1,0.0370,,17,10,0.3704,,27,0,0.0000,,31,-4,0.1481,
1293,28,27,1,0.0357,,19,9,0.3214,,27,1,0.0357,,29,-1,0.0357,
1294,29,24,5,0.1724,,18,11,0.3793,,24,5,0.1724,,24,5,0.1724,
1295,28,28,0,0.0000,,18,10,0.3571,,29,-1,0.0357,,30,-2,0.0714,
1296,27,28,-1,0.0370,,19,8,0.2963,,29,-2,0.0741,,29,-2,0.0741,
1297,25,27,-2,0.0800,,22,3,0.1200,,27,-2,0.0800,,31,-6,0.2400,
1298,25,29,-4,0.1600,,22,3,0.1200,,30,-5,0.2000,,33,-8,0.3200,
1299,27,30,-3,0.1111,,19,8,0.2963,,30,-3,0.1111,,31,-4,0.1481,
1300,29,29,0,0.0000,,21,8,0.2759,,31,-2,0.0690,,37,-8,0.2759,
1301,29,25,4,0.1379,,20,9,0.3103,,26,3,0.1034,,31,-2,0.0690,
1302,29,31,-2,0.0690,,20,9,0.3103,,31,-2,0.0690,,33,-4,0.1379,
1303,29,32,-3,0.1034,,21,8,0.2759,,32,-3,0.1034,,34,-5,0.1724,
1304,30,27,3,0.1000,,21,9,0.3000,,29,1,0.0333,,30,0,0.0000,
1305,29,28,1,0.0345,,20,9,0.3103,,28,1,0.0345,,30,-1,0.0345,
1306,29,33,-4,0.1379,,21,8,0.2759,,34,-5,0.1724,,34,-5,0.1724,
1307,31,28,3,0.0968,,21,10,0.3226,,28,3,0.0968,,31,0,0.0000,
1308,25,29,-4,0.1600,,18,7,0.2800,,29,-4,0.1600,,32,-7,0.2800,
1309,25,24,1,0.0400,,19,6,0.2400,,24,1,0.0400,,27,-2,0.0800,
1310,27,26,1,0.0370,,21,6,0.2222,,26,1,0.0370,,27,0,0.0000,
1311,30,30,0,0.0000,,22,8,0.2667,,30,0,0.0000,,34,-4,0.1333,
1312,30,28,2,0.0667,,16,14,0.4667,,28,2,0.0667,,32,-2,0.0667,
1313,25,32,-7,0.2800,,22,3,0.1200,,33,-8,0.3200,,34,-9,0.3600,
1314,25,32,-7,0.2800,,21,4,0.1600,,33,-8,0.3200,,36,-11,0.4400,
1315,23,29,-6,0.2609,,21,2,0.0870,,29,-6,0.2609,,35,-12,0.5217,
1316,21,27,-6,0.2857,,17,4,0.1905,,29,-8,0.3810,,35,-14,0.6667,
1317,26,29,-3,0.1154,,19,7,0.2692,,32,-6,0.2308,,33,-7,0.2692,
1318,27,28,-1,0.0370,,19,8,0.2963,,29,-2,0.0741,,34,-7,0.2593,
1319,29,25,4,0.1379,,19,10,0.3448,,25,4,0.1379,,27,2,0.0690,
1320,28,32,-4,0.1429,,22,6,0.2143,,33,-5,0.1786,,38,-10,0.3571,
1321,29,33,-4,0.1379,,20,9,0.3103,,33,-4,0.1379,,33,-4,0.1379,
1322,30,34,-4,0.1333,,24,6,0.2000,,34,-4,0.1333,,35,-5,0.1667,
1323,33,32,1,0.0303,,23,10,0.3030,,33,0,0.0000,,36,-3,0.0909,
1324,36,29,7,0.1944,,20,16,0.4444,,29,7,0.1944,,30,6,0.1667,
1325,36,35,1,0.0278,,20,16,0.4444,,35,1,0.0278,,36,0,0.0000,
1326,39,36,3,0.0769,,24,15,0.3846,,38,1,0.0256,,40,-1,0.0256,
1327,37,32,5,0.1351,,19,18,0.4865,,33,4,0.1081,,36,1,0.0270,
1328,42,32,10,0.2381,,19,23,0.5476,,32,10,0.2381,,33,9,0.2143,
1329,44,34,10,0.2273,,22,22,0.5000,,34,10,0.2273,,36,8,0.1818,
1330,45,35,10,0.2222,,25,20,0.4444,,35,10,0.2222,,37,8,0.1778,
1331,41,30,11,0.2683,,21,20,0.4878,,30,11,0.2683,,31,10,0.2439,
1332,42,36,6,0.1429,,23,19,0.4524,,36,6,0.1429,,37,5,0.1190,
1333,43,35,8,0.1860,,21,22,0.5116,,35,8,0.1860,,38,5,0.1163,
1334,45,32,13,0.2889,,20,25,0.5556,,32,13,0.2889,,33,12,0.2667,
1335,39,28,11,0.2821,,21,18,0.4615,,28,11,0.2821,,28,11,0.2821,
1336,42,33,9,0.2143,,20,22,0.5238,,34,8,0.1905,,36,6,0.1429,
1337,40,33,7,0.1750,,23,17,0.4250,,33,7,0.1750,,33,7,0.1750,
1338,33,30,3,0.0909,,22,11,0.3333,,30,3,0.0909,,33,0,0.0000,
1339,36,26,10,0.2778,,19,17,0.4722,,27,9,0.2500,,27,9,0.2500,
1340,38,28,10,0.2632,,19,19,0.5000,,29,9,0.2368,,31,7,0.1842,
1341,37,31,6,0.1622,,21,16,0.4324,,34,3,0.0811,,36,1,0.0270,
1342,35,29,6,0.1714,,21,14,0.4000,,30,5,0.1429,,34,1,0.0286,
1343,34,32,2,0.0588,,21,13,0.3824,,34,0,0.0000,,35,-1,0.0294,
1344,36,36,0,0.0000,,24,12,0.3333,,36,0,0.0000,,38,-2,0.0556,
1345,40,35,5,0.1250,,26,14,0.3500,,35,5,0.1250,,37,3,0.0750,
1346,41,35,6,0.1463,,22,19,0.4634,,37,4,0.0976,,39,2,0.0488,
1347,39,39,0,0.0000,,23,16,0.4103,,41,-2,0.0513,,43,-4,0.1026,
1348,41,36,5,0.1220,,22,19,0.4634,,36,5,0.1220,,39,2,0.0488,
1349,40,35,5,0.1250,,22,18,0.4500,,35,5,0.1250,,37,3,0.0750,
1350,37,33,4,0.1081,,25,12,0.3243,,33,4,0.1081,,34,3,0.0811,
1351,29,32,-3,0.1034,,23,6,0.2069,,32,-3,0.1034,,35,-6,0.2069,
1352,28,29,-1,0.0357,,17,11,0.3929,,30,-2,0.0714,,37,-9,0.3214,
1353,27,29,-2,0.0741,,21,6,0.2222,,29,-2,0.0741,,31,-4,0.1481,
1354,31,29,2,0.0645,,21,10,0.3226,,29,2,0.0645,,32,-1,0.0323,
1355,27,30,-3,0.1111,,21,6,0.2222,,30,-3,0.1111,,35,-8,0.2963,
1356,23,31,-8,0.3478,,19,4,0.1739,,31,-8,0.3478,,33,-10,0.4348,
1357,23,27,-4,0.1739,,17,6,0.2609,,28,-5,0.2174,,30,-7,0.3043,
1358,27,26,1,0.0370,,19,8,0.2963,,27,0,0.0000,,29,-2,0.0741,
1359,26,25,1,0.0385,,19,7,0.2692,,26,0,0.0000,,27,-1,0.0385,
1360,27,31,-4,0.1481,,19,8,0.2963,,32,-5,0.1852,,35,-8,0.2963,
1361,26,31,-5,0.1923,,19,7,0.2692,,33,-7,0.2692,,33,-7,0.2692,
1362,27,30,-3,0.1111,,21,6,0.2222,,30,-3,0.1111,,33,-6,0.2222,
1363,28,24,4,0.1429,,19,9,0.3214,,24,4,0.1429,,26,2,0.0714,
1364,29,29,0,0.0000,,18,11,0.3793,,30,-1,0.0345,,31,-2,0.0690,
1365,30,26,4,0.1333,,21,9,0.3000,,26,4,0.1333,,28,2,0.0667,
1366,31,26,5,0.1613,,22,9,0.2903,,26,5,0.1613,,26,5,0.1613,
1367,31,29,2,0.0645,,24,7,0.2258,,30,1,0.0323,,31,0,0.0000,
1368,30,26,4,0.1333,,22,8,0.2667,,26,4,0.1333,,27,3,0.1000,
1369,28,27,1,0.0357,,21,7,0.2500,,28,0,0.0000,,29,-1,0.0357,
1370,28,24,4,0.1429,,18,10,0.3571,,24,4,0.1429,,26,2,0.0714,
1371,28,27,1,0.0357,,21,7,0.2500,,30,-2,0.0714,,31,-3,0.1071,
1372,27,25,2,0.0741,,19,8,0.2963,,27,0,0.0000,,29,-2,0.0741,
1373,29,26,3,0.1034,,20,9,0.3103,,27,2,0.0690,,27,2,0.0690,
1374,30,29,1,0.0333,,20,10,0.3333,,29,1,0.0333,,32,-2,0.0667,
1375,29,30,-1,0.0345,,21,8,0.2759,,30,-1,0.0345,,32,-3,0.1034,
1376,27,27,0,0.0000,,20,7,0.2593,,28,-1,0.0370,,32,-5,0.1852,
1377,29,25,4,0.1379,,21,8,0.2759,,26,3,0.1034,,27,2,0.0690,
1378,28,24,4,0.1429,,21,7,0.2500,,25,3,0.1071,,26,2,0.0714,
1379,27,28,-1,0.0370,,19,8,0.2963,,28,-1,0.0370,,30,-3,0.1111,
1380,27,26,1,0.0370,,19,8,0.2963,,26,1,0.0370,,30,-3,0.1111,
1381,32,24,8,0.2500,,19,13,0.4063,,25,7,0.2188,,27,5,0.1563,
1382,31,27,4,0.1290,,19,12,0.3871,,28,3,0.0968,,29,2,0.0645,
1383,30,25,5,0.1667,,18,12,0.4000,,25,5,0.1667,,27,3,0.1000,
1384,28,31,-3,0.1071,,19,9,0.3214,,33,-5,0.1786,,36,-8,0.2857,
1385,23,28,-5,0.2174,,17,6,0.2609,,29,-6,0.2609,,34,-11,0.4783,
1386,23,29,-6,0.2609,,15,8,0.3478,,30,-7,0.3043,,36,-13,0.5652,
1387,23,33,-10,0.4348,,18,5,0.2174,,34,-11,0.4783,,40,-17,0.7391,
1388,22,28,-6,0.2727,,15,7,0.3182,,28,-6,0.2727,,30,-8,0.3636,
1389,29,30,-1,0.0345,,18,11,0.3793,,32,-3,0.1034,,34,-5,0.1724,
1390,34,27,7,0.2059,,20,14,0.4118,,29,5,0.1471,,31,3,0.0882,
1391,34,30,4,0.1176,,21,13,0.3824,,30,4,0.1176,,32,2,0.0588,
1392,33,31,2,0.0606,,21,12,0.3636,,32,1,0.0303,,36,-3,0.0909,
1393,38,31,7,0.1842,,21,17,0.4474,,32,6,0.1579,,38,0,0.0000,
1394,39,30,9,0.2308,,20,19,0.4872,,30,9,0.2308,,36,3,0.0769,
1395,37,30,7,0.1892,,20,17,0.4595,,31,6,0.1622,,32,5,0.1351,
1396,37,25,12,0.3243,,17,20,0.5405,,27,10,0.2703,,30,7,0.1892,
1397,36,29,7,0.1944,,18,18,0.5000,,29,7,0.1944,,32,4,0.1111,
1398,32,31,1,0.0313,,20,12,0.3750,,31,1,0.0313,,31,1,0.0313,
1399,35,30,5,0.1429,,25,10,0.2857,,31,4,0.1143,,33,2,0.0571,
1400,35,28,7,0.2000,,21,14,0.4000,,28,7,0.2000,,29,6,0.1714,
1401,35,24,11,0.3143,,19,16,0.4571,,24,11,0.3143,,26,9,0.2571,
1402,30,23,7,0.2333,,21,9,0.3000,,24,6,0.2000,,27,3,0.1000,
1403,29,30,-1,0.0345,,21,8,0.2759,,31,-2,0.0690,,35,-6,0.2069,
1404,30,27,3,0.1000,,19,11,0.3667,,27,3,0.1000,,32,-2,0.0667,
1405,27,25,2,0.0741,,21,6,0.2222,,26,1,0.0370,,27,0,0.0000,
1406,28,29,-1,0.0357,,19,9,0.3214,,30,-2,0.0714,,32,-4,0.1429,
1407,28,23,5,0.1786,,15,13,0.4643,,23,5,0.1786,,27,1,0.0357,
1408,27,25,2,0.0741,,18,9,0.3333,,25,2,0.0741,,28,-1,0.0370,
1409,25,24,1,0.0400,,19,6,0.2400,,25,0,0.0000,,27,-2,0.0800,
1410,24,23,1,0.0417,,15,9,0.3750,,23,1,0.0417,,24,0,0.0000,
1411,24,20,4,0.1667,,14,10,0.4167,,20,4,0.1667,,21,3,0.1250,
1412,25,19,6,0.2400,,14,11,0.4400,,19,6,0.2400,,21,4,0.1600,
1413,24,19,5,0.2083,,14,10,0.4167,,19,5,0.2083,,19,5,0.2083,
1414,25,23,2,0.0800,,14,11,0.4400,,23,2,0.0800,,24,1,0.0400,
1415,23,27,-4,0.1739,,18,5,0.2174,,27,-4,0.1739,,29,-6,0.2609,
1416,24,24,0,0.0000,,16,8,0.3333,,24,0,0.0000,,24,0,0.0000,
1417,29,25,4,0.1379,,20,9,0.3103,,25,4,0.1379,,26,3,0.1034,
1418,28,20,8,0.2857,,16,12,0.4286,,20,8,0.2857,,21,7,0.2500,
1419,30,22,8,0.2667,,18,12,0.4000,,23,7,0.2333,,23,7,0.2333,
1420,27,19,8,0.2963,,17,10,0.3704,,20,7,0.2593,,20,7,0.2593,
1421,29,28,1,0.0345,,17,12,0.4138,,28,1,0.0345,,31,-2,0.0690,
1422,33,26,7,0.2121,,15,18,0.5455,,26,7,0.2121,,27,6,0.1818,
1423,29,27,2,0.0690,,15,14,0.4828,,27,2,0.0690,,29,0,0.0000,
1424,35,27,8,0.2286,,18,17,0.4857,,27,8,0.2286,,30,5,0.1429,
1425,37,27,10,0.2703,,20,17,0.4595,,27,10,0.2703,,27,10,0.2703,
1426,37,28,9,0.2432,,20,17,0.4595,,28,9,0.2432,,28,9,0.2432,
1427,33,20,13,0.3939,,13,20,0.6061,,21,12,0.3636,,22,11,0.3333,
1428,35,25,10,0.2857,,15,20,0.5714,,25,10,0.2857,,27,8,0.2286,
1429,34,26,8,0.2353,,20,14,0.4118,,27,7,0.2059,,29,5,0.1471,
1430,37,30,7,0.1892,,20,17,0.4595,,30,7,0.1892,,31,6,0.1622,
1431,35,30,5,0.1429,,21,14,0.4000,,33,2,0.0571,,33,2,0.0571,
1432,34,29,5,0.1471,,19,15,0.4412,,30,4,0.1176,,32,2,0.0588,
1433,35,30,5,0.1429,,20,15,0.4286,,30,5,0.1429,,34,1,0.0286,
1434,38,28,10,0.2632,,19,19,0.5000,,28,10,0.2632,,31,7,0.1842,
1435,33,32,1,0.0303,,18,15,0.4545,,32,1,0.0303,,36,-3,0.0909,
1436,29,30,-1,0.0345,,20,9,0.3103,,30,-1,0.0345,,31,-2,0.0690,
1437,31,29,2,0.0645,,19,12,0.3871,,30,1,0.0323,,31,0,0.0000,
1438,30,25,5,0.1667,,15,15,0.5000,,25,5,0.1667,,28,2,0.0667,
1439,29,27,2,0.0690,,20,9,0.3103,,27,2,0.0690,,28,1,0.0345,
1440,28,22,6,0.2143,,17,11,0.3929,,23,5,0.1786,,26,2,0.0714,
1441,30,33,-3,0.1000,,17,13,0.4333,,33,-3,0.1000,,38,-8,0.2667,
1442,30,25,5,0.1667,,22,8,0.2667,,26,4,0.1333,,29,1,0.0333,
1443,31,27,4,0.1290,,22,9,0.2903,,27,4,0.1290,,27,4,0.1290,
1444,34,26,8,0.2353,,19,15,0.4412,,26,8,0.2353,,28,6,0.1765,
1445,30,24,6,0.2000,,17,13,0.4333,,24,6,0.2000,,27,3,0.1000,
1446,30,28,2,0.0667,,18,12,0.4000,,29,1,0.0333,,31,-1,0.0333,
1447,27,26,1,0.0370,,17,10,0.3704,,26,1,0.0370,,27,0,0.0000,
1448,27,24,3,0.1111,,18,9,0.3333,,24,3,0.1111,,27,0,0.0000,
1449,30,27,3,0.1000,,20,10,0.3333,,28,2,0.0667,,31,-1,0.0333,
1450,28,27,1,0.0357,,19,9,0.3214,,28,0,0.0000,,29,-1,0.0357,
1451,31,29,2,0.0645,,22,9,0.2903,,29,2,0.0645,,30,1,0.0323,
1452,34,28,6,0.1765,,24,10,0.2941,,29,5,0.1471,,30,4,0.1176,
1453,37,30,7,0.1892,,18,19,0.5135,,31,6,0.1622,,32,5,0.1351,
1454,35,28,7,0.2000,,18,17,0.4857,,28,7,0.2000,,32,3,0.0857,
1455,35,30,5,0.1429,,19,16,0.4571,,31,4,0.1143,,31,4,0.1143,
1456,34,27,7,0.2059,,17,17,0.5000,,27,7,0.2059,,27,7,0.2059,
1457,35,27,8,0.2286,,17,18,0.5143,,29,6,0.1714,,29,6,0.1714,
1458,34,26,8,0.2353,,19,15,0.4412,,26,8,0.2353,,29,5,0.1471,
1459,32,24,8,0.2500,,19,13,0.4063,,25,7,0.2188,,25,7,0.2188,
1460,30,25,5,0.1667,,19,11,0.3667,,26,4,0.1333,,27,3,0.1000,
1461,32,27,5,0.1563,,17,15,0.4688,,28,4,0.1250,,32,0,0.0000,
1462,32,29,3,0.0938,,18,14,0.4375,,30,2,0.0625,,33,-1,0.0313,
1463,32,29,3,0.0938,,20,12,0.3750,,29,3,0.0938,,32,0,0.0000,
1464,30,29,1,0.0333,,21,9,0.3000,,29,1,0.0333,,29,1,0.0333,
1465,35,28,7,0.2000,,17,18,0.5143,,29,6,0.1714,,29,6,0.1714,
1466,34,28,6,0.1765,,20,14,0.4118,,28,6,0.1765,,32,2,0.0588,
1467,35,24,11,0.3143,,19,16,0.4571,,24,11,0.3143,,24,11,0.3143,
1468,34,26,8,0.2353,,18,16,0.4706,,26,8,0.2353,,27,7,0.2059,
1469,31,25,6,0.1935,,18,13,0.4194,,25,6,0.1935,,26,5,0.1613,
1470,27,19,8,0.2963,,15,12,0.4444,,19,8,0.2963,,22,5,0.1852,
1471,21,25,-4,0.1905,,16,5,0.2381,,25,-4,0.1905,,29,-8,0.3810,
1472,24,23,1,0.0417,,15,9,0.3750,,24,0,0.0000,,27,-3,0.1250,
1473,23,22,1,0.0435,,16,7,0.3043,,23,0,0.0000,,25,-2,0.0870,
1474,20,24,-4,0.2000,,15,5,0.2500,,27,-7,0.3500,,31,-11,0.5500,
1475,20,25,-5,0.2500,,15,5,0.2500,,25,-5,0.2500,,27,-7,0.3500,
1476,19,32,-13,0.6842,,16,3,0.1579,,32,-13,0.6842,,34,-15,0.7895,
1477,18,29,-11,0.6111,,18,0,0.0000,,29,-11,0.6111,,31,-13,0.7222,
1478,19,30,-11,0.5789,,17,2,0.1053,,30,-11,0.5789,,30,-11,0.5789,
1479,21,23,-2,0.0952,,15,6,0.2857,,23,-2,0.0952,,26,-5,0.2381,
1480,22,24,-2,0.0909,,18,4,0.1818,,25,-3,0.1364,,26,-4,0.1818,
1481,22,24,-2,0.0909,,16,6,0.2727,,28,-6,0.2727,,30,-8,0.3636,
1482,23,28,-5,0.2174,,15,8,0.3478,,29,-6,0.2609,,31,-8,0.3478,
1483,22,23,-1,0.0455,,16,6,0.2727,,23,-1,0.0455,,23,-1,0.0455,
1484,25,27,-2,0.0800,,16,9,0.3600,,27,-2,0.0800,,27,-2,0.0800,
1485,24,28,-4,0.1667,,15,9,0.3750,,29,-5,0.2083,,30,-6,0.2500,
1486,24,25,-1,0.0417,,17,7,0.2917,,26,-2,0.0833,,29,-5,0.2083,
1487,25,30,-5,0.2000,,18,7,0.2800,,30,-5,0.2000,,32,-7,0.2800,
1488,26,25,1,0.0385,,17,9,0.3462,,25,1,0.0385,,25,1,0.0385,
1489,28,24,4,0.1429,,16,12,0.4286,,24,4,0.1429,,26,2,0.0714,
1490,31,24,7,0.2258,,18,13,0.4194,,25,6,0.1935,,26,5,0.1613,
1491,28,24,4,0.1429,,18,10,0.3571,,24,4,0.1429,,26,2,0.0714,
1492,29,26,3,0.1034,,19,10,0.3448,,27,2,0.0690,,31,-2,0.0690,
1493,29,30,-1,0.0345,,20,9,0.3103,,31,-2,0.0690,,32,-3,0.1034,
1494,26,26,0,0.0000,,18,8,0.3077,,26,0,0.0000,,28,-2,0.0769,
1495,28,21,7,0.2500,,19,9,0.3214,,23,5,0.1786,,27,1,0.0357,
1496,28,24,4,0.1429,,16,12,0.4286,,26,2,0.0714,,26,2,0.0714,
1497,25,29,-4,0.1600,,16,9,0.3600,,29,-4,0.1600,,32,-7,0.2800,
1498,26,27,-1,0.0385,,18,8,0.3077,,27,-1,0.0385,,29,-3,0.1154,
1499,24,28,-4,0.1667,,15,9,0.3750,,28,-4,0.1667,,32,-8,0.3333,
1500,22,25,-3,0.1364,,19,3,0.1364,,26,-4,0.1818,,27,-5,0.2273,
1501,22,21,1,0.0455,,15,7,0.3182,,21,1,0.0455,,22,0,0.0000,
1502,23,21,2,0.0870,,13,10,0.4348,,21,2,0.0870,,23,0,0.0000,
1503,19,25,-6,0.3158,,17,2,0.1053,,25,-6,0.3158,,27,-8,0.4211,
1504,19,26,-7,0.3684,,15,4,0.2105,,29,-10,0.5263,,32,-13,0.6842,
1505,17,20,-3,0.1765,,16,1,0.0588,,20,-3,0.1765,,24,-7,0.4118,
1506,18,19,-1,0.0556,,13,5,0.2778,,19,-1,0.0556,,21,-3,0.1667,
1507,20,24,-4,0.2000,,18,2,0.1000,,24,-4,0.2000,,29,-9,0.4500,
1508,20,25,-5,0.2500,,16,4,0.2000,,27,-7,0.3500,,28,-8,0.4000,
1509,20,21,-1,0.0500,,16,4,0.2000,,22,-2,0.1000,,24,-4,0.2000,
1510,19,20,-1,0.0526,,14,5,0.2632,,23,-4,0.2105,,25,-6,0.3158,
1511,19,26,-7,0.3684,,15,4,0.2105,,26,-7,0.3684,,29,-10,0.5263,
1512,22,20,2,0.0909,,15,7,0.3182,,20,2,0.0909,,23,-1,0.0455,
1513,22,34,-12,0.5455,,17,5,0.2273,,36,-14,0.6364,,40,-18,0.8182,
1514,21,28,-7,0.3333,,18,3,0.1429,,30,-9,0.4286,,36,-15,0.7143,
1515,25,35,-10,0.4000,,20,5,0.2000,,37,-12,0.4800,,40,-15,0.6000,
1516,28,25,3,0.1071,,20,8,0.2857,,26,2,0.0714,,26,2,0.0714,
1517,30,30,0,0.0000,,22,8,0.2667,,30,0,0.0000,,33,-3,0.1000,
1518,29,25,4,0.1379,,20,9,0.3103,,25,4,0.1379,,26,3,0.1034,
1519,26,23,3,0.1154,,20,6,0.2308,,23,3,0.1154,,25,1,0.0385,
1520,27,25,2,0.0741,,19,8,0.2963,,25,2,0.0741,,27,0,0.0000,
1521,27,26,1,0.0370,,19,8,0.2963,,27,0,0.0000,,28,-1,0.0370,
1522,30,24,6,0.2000,,16,14,0.4667,,24,6,0.2000,,26,4,0.1333,
1523,27,24,3,0.1111,,20,7,0.2593,,27,0,0.0000,,30,-3,0.1111,
1524,29,30,-1,0.0345,,23,6,0.2069,,31,-2,0.0690,,34,-5,0.1724,
1525,26,33,-7,0.2692,,18,8,0.3077,,36,-10,0.3846,,39,-13,0.5000,
1526,28,25,3,0.1071,,18,10,0.3571,,29,-1,0.0357,,33,-5,0.1786,
1527,27,31,-4,0.1481,,20,7,0.2593,,32,-5,0.1852,,34,-7,0.2593,
1528,25,26,-1,0.0400,,17,8,0.3200,,27,-2,0.0800,,28,-3,0.1200,
1529,23,25,-2,0.0870,,18,5,0.2174,,26,-3,0.1304,,30,-7,0.3043,
1530,23,21,2,0.0870,,16,7,0.3043,,21,2,0.0870,,25,-2,0.0870,
1531,26,31,-5,0.1923,,15,11,0.4231,,31,-5,0.1923,,31,-5,0.1923,
1532,27,32,-5,0.1852,,17,10,0.3704,,33,-6,0.2222,,35,-8,0.2963,
1533,25,28,-3,0.1200,,18,7,0.2800,,29,-4,0.1600,,33,-8,0.3200,
1534,35,30,5,0.1429,,20,15,0.4286,,31,4,0.1143,,32,3,0.0857,
1535,36,28,8,0.2222,,19,17,0.4722,,30,6,0.1667,,33,3,0.0833,
1536,35,25,10,0.2857,,19,16,0.4571,,25,10,0.2857,,31,4,0.1143,
1537,33,26,7,0.2121,,16,17,0.5152,,26,7,0.2121,,27,6,0.1818,
1538,34,29,5,0.1471,,17,17,0.5000,,29,5,0.1471,,33,1,0.0294,
1539,31,25,6,0.1935,,18,13,0.4194,,25,6,0.1935,,26,5,0.1613,
1540,33,26,7,0.2121,,19,14,0.4242,,27,6,0.1818,,27,6,0.1818,
1541,34,32,2,0.0588,,20,14,0.4118,,32,2,0.0588,,34,0,0.0000,
1542,38,29,9,0.2368,,21,17,0.4474,,30,8,0.2105,,31,7,0.1842,
1543,38,34,4,0.1053,,20,18,0.4737,,35,3,0.0789,,36,2,0.0526,
1544,37,28,9,0.2432,,21,16,0.4324,,28,9,0.2432,,31,6,0.1622,
1545,39,29,10,0.2564,,19,20,0.5128,,29,10,0.2564,,31,8,0.2051,
1546,38,27,11,0.2895,,18,20,0.5263,,27,11,0.2895,,30,8,0.2105,
1547,38,31,7,0.1842,,22,16,0.4211,,31,7,0.1842,,35,3,0.0789,
1548,38,28,10,0.2632,,22,16,0.4211,,30,8,0.2105,,30,8,0.2105,
1549,36,28,8,0.2222,,21,15,0.4167,,28,8,0.2222,,30,6,0.1667,
1550,41,28,13,0.3171,,23,18,0.4390,,29,12,0.2927,,30,11,0.2683,
1551,41,29,12,0.2927,,23,18,0.4390,,31,10,0.2439,,31,10,0.2439,
1552,40,31,9,0.2250,,21,19,0.4750,,31,9,0.2250,,34,6,0.1500,
1553,37,29,8,0.2162,,20,17,0.4595,,29,8,0.2162,,29,8,0.2162,
1554,38,31,7,0.1842,,24,14,0.3684,,31,7,0.1842,,33,5,0.1316,
1555,36,30,6,0.1667,,24,12,0.3333,,32,4,0.1111,,33,3,0.0833,
1556,37,26,11,0.2973,,23,14,0.3784,,26,11,0.2973,,27,10,0.2703,
1557,35,29,6,0.1714,,20,15,0.4286,,29,6,0.1714,,33,2,0.0571,
1558,31,23,8,0.2581,,18,13,0.4194,,24,7,0.2258,,24,7,0.2258,
1559,34,24,10,0.2941,,16,18,0.5294,,25,9,0.2647,,27,7,0.2059,
1560,32,29,3,0.0938,,20,12,0.3750,,29,3,0.0938,,29,3,0.0938,
1561,35,22,13,0.3714,,17,18,0.5143,,23,12,0.3429,,23,12,0.3429,
1562,34,26,8,0.2353,,23,11,0.3235,,26,8,0.2353,,29,5,0.1471,
1563,37,24,13,0.3514,,22,15,0.4054,,24,13,0.3514,,25,12,0.3243,
1564,35,28,7,0.2000,,21,14,0.4000,,28,7,0.2000,,28,7,0.2000,
1565,30,24,6,0.2000,,21,9,0.3000,,24,6,0.2000,,26,4,0.1333,
1566,30,24,6,0.2000,,19,11,0.3667,,24,6,0.2000,,25,5,0.1667,
1567,33,28,5,0.1515,,18,15,0.4545,,30,3,0.0909,,34,-1,0.0303,
1568,37,26,11,0.2973,,18,19,0.5135,,27,10,0.2703,,30,7,0.1892,
1569,39,26,13,0.3333,,19,20,0.5128,,26,13,0.3333,,26,13,0.3333,
1570,36,26,10,0.2778,,19,17,0.4722,,27,9,0.2500,,31,5,0.1389,
1571,39,30,9,0.2308,,26,13,0.3333,,30,9,0.2308,,32,7,0.1795,
1572,40,35,5,0.1250,,24,16,0.4000,,36,4,0.1000,,39,1,0.0250,
1573,40,39,1,0.0250,,27,13,0.3250,,40,0,0.0000,,43,-3,0.0750,
1574,38,31,7,0.1842,,26,12,0.3158,,32,6,0.1579,,34,4,0.1053,
1575,45,33,12,0.2667,,25,20,0.4444,,34,11,0.2444,,37,8,0.1778,
1576,48,33,15,0.3125,,22,26,0.5417,,33,15,0.3125,,34,14,0.2917,
1577,42,34,8,0.1905,,22,20,0.4762,,36,6,0.1429,,40,2,0.0476,
1578,36,28,8,0.2222,,23,13,0.3611,,28,8,0.2222,,31,5,0.1389,
1579,39,28,11,0.2821,,21,18,0.4615,,28,11,0.2821,,30,9,0.2308,
1580,39,28,11,0.2821,,22,17,0.4359,,28,11,0.2821,,32,7,0.1795,
1581,37,29,8,0.2162,,18,19,0.5135,,30,7,0.1892,,30,7,0.1892,
1582,33,26,7,0.2121,,18,15,0.4545,,26,7,0.2121,,26,7,0.2121,
1583,31,28,3,0.0968,,18,13,0.4194,,29,2,0.0645,,32,-1,0.0323,
1584,33,27,6,0.1818,,20,13,0.3939,,27,6,0.1818,,29,4,0.1212,
1585,34,31,3,0.0882,,21,13,0.3824,,31,3,0.0882,,35,-1,0.0294,
1586,32,28,4,0.1250,,20,12,0.3750,,28,4,0.1250,,31,1,0.0313,
1587,32,28,4,0.1250,,23,9,0.2813,,28,4,0.1250,,29,3,0.0938,
1588,29,27,2,0.0690,,21,8,0.2759,,28,1,0.0345,,30,-1,0.0345,
1589,29,25,4,0.1379,,18,11,0.3793,,25,4,0.1379,,25,4,0.1379,
1590,32,30,2,0.0625,,18,14,0.4375,,30,2,0.0625,,32,0,0.0000,
1591,31,28,3,0.0968,,20,11,0.3548,,29,2,0.0645,,29,2,0.0645,
1592,26,25,1,0.0385,,16,10,0.3846,,25,1,0.0385,,25,1,0.0385,
1593,28,24,4,0.1429,,19,9,0.3214,,24,4,0.1429,,26,2,0.0714,
1594,29,27,2,0.0690,,18,11,0.3793,,27,2,0.0690,,28,1,0.0345,
1595,28,25,3,0.1071,,16,12,0.4286,,25,3,0.1071,,28,0,0.0000,
1596,31,26,5,0.1613,,20,11,0.3548,,26,5,0.1613,,27,4,0.1290,
1597,30,33,-3,0.1000,,22,8,0.2667,,34,-4,0.1333,,35,-5,0.1667,
1598,37,25,12,0.3243,,16,21,0.5676,,25,12,0.3243,,26,11,0.2973,
1599,37,25,12,0.3243,,19,18,0.4865,,25,12,0.3243,,28,9,0.2432,
1600,35,29,6,0.1714,,20,15,0.4286,,30,5,0.1429,,32,3,0.0857,
1601,34,29,5,0.1471,,21,13,0.3824,,29,5,0.1471,,32,2,0.0588,
1602,31,27,4,0.1290,,18,13,0.4194,,28,3,0.0968,,29,2,0.0645,
1603,32,26,6,0.1875,,18,14,0.4375,,26,6,0.1875,,29,3,0.0938,
1604,35,24,11,0.3143,,18,17,0.4857,,24,11,0.3143,,24,11,0.3143,
1605,32,28,4,0.1250,,20,12,0.3750,,29,3,0.0938,,32,0,0.0000,
1606,34,25,9,0.2647,,21,13,0.3824,,25,9,0.2647,,27,7,0.2059,
1607,37,27,10,0.2703,,18,19,0.5135,,27,10,0.2703,,27,10,0.2703,
1608,39,31,8,0.2051,,21,18,0.4615,,31,8,0.2051,,31,8,0.2051,
1609,40,27,13,0.3250,,19,21,0.5250,,29,11,0.2750,,31,9,0.2250,
1610,45,29,16,0.3556,,23,22,0.4889,,31,14,0.3111,,33,12,0.2667,
1611,45,32,13,0.2889,,21,24,0.5333,,32,13,0.2889,,32,13,0.2889,
1612,45,30,15,0.3333,,23,22,0.4889,,30,15,0.3333,,35,10,0.2222,
1613,47,29,18,0.3830,,20,27,0.5745,,29,18,0.3830,,30,17,0.3617,
1614,47,34,13,0.2766,,20,27,0.5745,,34,13,0.2766,,39,8,0.1702,
1615,44,36,8,0.1818,,23,21,0.4773,,36,8,0.1818,,36,8,0.1818,
1616,41,34,7,0.1707,,22,19,0.4634,,34,7,0.1707,,36,5,0.1220,
1617,38,34,4,0.1053,,24,14,0.3684,,35,3,0.0789,,39,-1,0.0263,
1618,43,31,12,0.2791,,21,22,0.5116,,32,11,0.2558,,33,10,0.2326,
1619,43,34,9,0.2093,,26,17,0.3953,,34,9,0.2093,,36,7,0.1628,
1620,42,32,10,0.2381,,20,22,0.5238,,32,10,0.2381,,33,9,0.2143,
1621,39,32,7,0.1795,,25,14,0.3590,,32,7,0.1795,,32,7,0.1795,
1622,37,27,10,0.2703,,21,16,0.4324,,28,9,0.2432,,29,8,0.2162,
1623,37,27,10,0.2703,,21,16,0.4324,,27,10,0.2703,,28,9,0.2432,
1624,34,31,3,0.0882,,20,14,0.4118,,31,3,0.0882,,34,0,0.0000,
1625,34,31,3,0.0882,,19,15,0.4412,,32,2,0.0588,,34,0,0.0000,
1626,34,28,6,0.1765,,20,14,0.4118,,28,6,0.1765,,31,3,0.0882,
1627,33,26,7,0.2121,,22,11,0.3333,,28,5,0.1515,,32,1,0.0303,
1628,33,26,7,0.2121,,22,11,0.3333,,26,7,0.2121,,28,5,0.1515,
1629,31,25,6,0.1935,,22,9,0.2903,,26,5,0.1613,,28,3,0.0968,
1630,33,30,3,0.0909,,20,13,0.3939,,30,3,0.0909,,30,3,0.0909,
1631,29,22,7,0.2414,,21,8,0.2759,,22,7,0.2414,,22,7,0.2414,
1632,27,27,0,0.0000,,21,6,0.2222,,27,0,0.0000,,28,-1,0.0370,
1633,27,28,-1,0.0370,,20,7,0.2593,,29,-2,0.0741,,33,-6,0.2222,
1634,28,30,-2,0.0714,,20,8,0.2857,,30,-2,0.0714,,34,-6,0.2143,
1635,33,31,2,0.0606,,21,12,0.3636,,31,2,0.0606,,35,-2,0.0606,
1636,34,34,0,0.0000,,23,11,0.3235,,35,-1,0.0294,,37,-3,0.0882,
1637,37,26,11,0.2973,,22,15,0.4054,,27,10,0.2703,,28,9,0.2432,
1638,34,30,4,0.1176,,21,13,0.3824,,30,4,0.1176,,32,2,0.0588,
1639,39,30,9,0.2308,,23,16,0.4103,,31,8,0.2051,,33,6,0.1538,
1640,34,28,6,0.1765,,19,15,0.4412,,28,6,0.1765,,32,2,0.0588,
1641,39,30,9,0.2308,,22,17,0.4359,,31,8,0.2051,,33,6,0.1538,
1642,37,27,10,0.2703,,20,17,0.4595,,27,10,0.2703,,27,10,0.2703,
1643,33,24,9,0.2727,,19,14,0.4242,,24,9,0.2727,,26,7,0.2121,
1644,37,33,4,0.1081,,21,16,0.4324,,33,4,0.1081,,36,1,0.0270,
1645,42,34,8,0.1905,,25,17,0.4048,,35,7,0.1667,,35,7,0.1667,
1646,39,31,8,0.2051,,21,18,0.4615,,32,7,0.1795,,32,7,0.1795,
1647,40,28,12,0.3000,,19,21,0.5250,,30,10,0.2500,,31,9,0.2250,
1648,39,31,8,0.2051,,18,21,0.5385,,31,8,0.2051,,33,6,0.1538,
1649,38,27,11,0.2895,,20,18,0.4737,,28,10,0.2632,,30,8,0.2105,
1650,41,36,5,0.1220,,26,15,0.3659,,36,5,0.1220,,37,4,0.0976,
1651,40,30,10,0.2500,,25,15,0.3750,,31,9,0.2250,,31,9,0.2250,
1652,43,35,8,0.1860,,26,17,0.3953,,37,6,0.1395,,38,5,0.1163,
1653,42,37,5,0.1190,,24,18,0.4286,,38,4,0.0952,,39,3,0.0714,
1654,45,32,13,0.2889,,23,22,0.4889,,35,10,0.2222,,39,6,0.1333,
1655,45,35,10,0.2222,,20,25,0.5556,,35,10,0.2222,,35,10,0.2222,
1656,47,33,14,0.2979,,22,25,0.5319,,35,12,0.2553,,36,11,0.2340,
1657,45,35,10,0.2222,,25,20,0.4444,,35,10,0.2222,,37,8,0.1778,
1658,46,35,11,0.2391,,25,21,0.4565,,36,10,0.2174,,36,10,0.2174,
1659,46,34,12,0.2609,,22,24,0.5217,,36,10,0.2174,,39,7,0.1522,
1660,44,28,16,0.3636,,20,24,0.5455,,29,15,0.3409,,31,13,0.2955,
1661,38,25,13,0.3421,,19,19,0.5000,,26,12,0.3158,,27,11,0.2895,
1662,34,26,8,0.2353,,19,15,0.4412,,26,8,0.2353,,28,6,0.1765,
1663,32,27,5,0.1563,,18,14,0.4375,,27,5,0.1563,,28,4,0.1250,
1664,33,29,4,0.1212,,22,11,0.3333,,30,3,0.0909,,34,-1,0.0303,
1665,32,32,0,0.0000,,17,15,0.4688,,32,0,0.0000,,35,-3,0.0938,
1666,28,26,2,0.0714,,18,10,0.3571,,28,0,0.0000,,28,0,0.0000,
1667,25,29,-4,0.1600,,16,9,0.3600,,29,-4,0.1600,,32,-7,0.2800,
1668,23,24,-1,0.0435,,13,10,0.4348,,25,-2,0.0870,,29,-6,0.2609,
1669,22,27,-5,0.2273,,16,6,0.2727,,27,-5,0.2273,,28,-6,0.2727,
1670,23,34,-11,0.4783,,17,6,0.2609,,35,-12,0.5217,,40,-17,0.7391,
1671,25,25,0,0.0000,,17,8,0.3200,,25,0,0.0000,,27,-2,0.0800,
1672,26,23,3,0.1154,,18,8,0.3077,,25,1,0.0385,,28,-2,0.0769,
1673,29,24,5,0.1724,,19,10,0.3448,,28,1,0.0345,,30,-1,0.0345,
1674,29,24,5,0.1724,,17,12,0.4138,,24,5,0.1724,,27,2,0.0690,
1675,30,24,6,0.2000,,18,12,0.4000,,24,6,0.2000,,26,4,0.1333,
1676,30,26,4,0.1333,,20,10,0.3333,,26,4,0.1333,,29,1,0.0333,
1677,29,31,-2,0.0690,,18,11,0.3793,,32,-3,0.1034,,35,-6,0.2069,
1678,31,29,2,0.0645,,21,10,0.3226,,30,1,0.0323,,32,-1,0.0323,
1679,30,30,0,0.0000,,21,9,0.3000,,30,0,0.0000,,33,-3,0.1000,
1680,32,21,11,0.3438,,20,12,0.3750,,23,9,0.2813,,25,7,0.2188,
1681,34,29,5,0.1471,,20,14,0.4118,,30,4,0.1176,,33,1,0.0294,
1682,33,33,0,0.0000,,20,13,0.3939,,34,-1,0.0303,,36,-3,0.0909,
1683,33,29,4,0.1212,,21,12,0.3636,,30,3,0.0909,,32,1,0.0303,
1684,32,26,6,0.1875,,20,12,0.3750,,28,4,0.1250,,32,0,0.0000,
1685,30,29,1,0.0333,,17,13,0.4333,,29,1,0.0333,,29,1,0.0333,
1686,28,26,2,0.0714,,16,12,0.4286,,26,2,0.0714,,28,0,0.0000,
1687,30,26,4,0.1333,,15,15,0.5000,,26,4,0.1333,,27,3,0.1000,
1688,36,29,7,0.1944,,20,16,0.4444,,29,7,0.1944,,30,6,0.1667,
1689,35,33,2,0.0571,,19,16,0.4571,,33,2,0.0571,,33,2,0.0571,
1690,35,27,8,0.2286,,20,15,0.4286,,27,8,0.2286,,29,6,0.1714,
1691,30,30,0,0.0000,,20,10,0.3333,,30,0,0.0000,,33,-3,0.1000,
1692,29,30,-1,0.0345,,20,9,0.3103,,31,-2,0.0690,,31,-2,0.0690,
1693,29,26,3,0.1034,,20,9,0.3103,,27,2,0.0690,,31,-2,0.0690,
1694,32,29,3,0.0938,,21,11,0.3438,,29,3,0.0938,,29,3,0.0938,
1695,34,27,7,0.2059,,20,14,0.4118,,27,7,0.2059,,29,5,0.1471,
1696,35,22,13,0.3714,,20,15,0.4286,,23,12,0.3429,,25,10,0.2857,
1697,31,25,6,0.1935,,20,11,0.3548,,25,6,0.1935,,26,5,0.1613,
1698,29,27,2,0.0690,,20,9,0.3103,,27,2,0.0690,,28,1,0.0345,
1699,28,25,3,0.1071,,18,10,0.3571,,25,3,0.1071,,28,0,0.0000,
1700,27,28,-1,0.0370,,18,9,0.3333,,29,-2,0.0741,,31,-4,0.1481,
1701,31,32,-1,0.0323,,22,9,0.2903,,36,-5,0.1613,,43,-12,0.3871,
1702,29,28,1,0.0345,,20,9,0.3103,,29,0,0.0000,,30,-1,0.0345,
1703,36,26,10,0.2778,,19,17,0.4722,,27,9,0.2500,,30,6,0.1667,
1704,35,31,4,0.1143,,24,11,0.3143,,31,4,0.1143,,34,1,0.0286,
1705,37,26,11,0.2973,,22,15,0.4054,,26,11,0.2973,,29,8,0.2162,
1706,30,28,2,0.0667,,21,9,0.3000,,28,2,0.0667,,29,1,0.0333,
1707,32,26,6,0.1875,,18,14,0.4375,,26,6,0.1875,,30,2,0.0625,
1708,33,30,3,0.0909,,24,9,0.2727,,31,2,0.0606,,34,-1,0.0303,
1709,37,30,7,0.1892,,20,17,0.4595,,31,6,0.1622,,33,4,0.1081,
1710,37,35,2,0.0541,,27,10,0.2703,,36,1,0.0270,,37,0,0.0000,
1711,33,33,0,0.0000,,23,10,0.3030,,33,0,0.0000,,35,-2,0.0606,
1712,40,26,14,0.3500,,17,23,0.5750,,26,14,0.3500,,30,10,0.2500,
1713,43,32,11,0.2558,,22,21,0.4884,,32,11,0.2558,,35,8,0.1860,
1714,43,38,5,0.1163,,25,18,0.4186,,38,5,0.1163,,42,1,0.0233,
1715,42,37,5,0.1190,,24,18,0.4286,,39,3,0.0714,,40,2,0.0476,
1716,45,37,8,0.1778,,26,19,0.4222,,37,8,0.1778,,38,7,0.1556,
1717,44,39,5,0.1136,,22,22,0.5000,,39,5,0.1136,,42,2,0.0455,
1718,41,39,2,0.0488,,25,16,0.3902,,39,2,0.0488,,40,1,0.0244,
1719,45,33,12,0.2667,,24,21,0.4667,,34,11,0.2444,,37,8,0.1778,
1720,43,35,8,0.1860,,23,20,0.4651,,36,7,0.1628,,37,6,0.1395,
1721,40,32,8,0.2000,,24,16,0.4000,,32,8,0.2000,,33,7,0.1750,
1722,40,30,10,0.2500,,22,18,0.4500,,30,10,0.2500,,31,9,0.2250,
1723,44,35,9,0.2045,,22,22,0.5000,,36,8,0.1818,,37,7,0.1591,
1724,44,32,12,0.2727,,26,18,0.4091,,33,11,0.2500,,36,8,0.1818,
1725,44,38,6,0.1364,,22,22,0.5000,,39,5,0.1136,,43,1,0.0227,
1726,44,37,7,0.1591,,23,21,0.4773,,37,7,0.1591,,43,1,0.0227,
1727,44,35,9,0.2045,,23,21,0.4773,,35,9,0.2045,,37,7,0.1591,
1728,41,34,7,0.1707,,25,16,0.3902,,36,5,0.1220,,39,2,0.0488,
1729,45,33,12,0.2667,,24,21,0.4667,,35,10,0.2222,,35,10,0.2222,
1730,48,37,11,0.2292,,23,25,0.5208,,38,10,0.2083,,40,8,0.1667,
1731,47,36,11,0.2340,,25,22,0.4681,,36,11,0.2340,,37,10,0.2128,
1732,44,32,12,0.2727,,23,21,0.4773,,33,11,0.2500,,33,11,0.2500,
1733,38,29,9,0.2368,,22,16,0.4211,,29,9,0.2368,,29,9,0.2368,
1734,43,38,5,0.1163,,26,17,0.3953,,38,5,0.1163,,41,2,0.0465,
1735,39,35,4,0.1026,,24,15,0.3846,,36,3,0.0769,,37,2,0.0513,
1736,40,33,7,0.1750,,24,16,0.4000,,33,7,0.1750,,34,6,0.1500,
1737,38,32,6,0.1579,,22,16,0.4211,,33,5,0.1316,,35,3,0.0789,
1738,34,35,-1,0.0294,,25,9,0.2647,,35,-1,0.0294,,38,-4,0.1176,
1739,37,37,0,0.0000,,25,12,0.3243,,37,0,0.0000,,38,-1,0.0270,
1740,35,34,1,0.0286,,23,12,0.3429,,34,1,0.0286,,38,-3,0.0857,
1741,33,35,-2,0.0606,,24,9,0.2727,,36,-3,0.0909,,38,-5,0.1515,
1742,36,30,6,0.1667,,22,14,0.3889,,31,5,0.1389,,34,2,0.0556,
1743,32,31,1,0.0313,,23,9,0.2813,,32,0,0.0000,,32,0,0.0000,
1744,27,24,3,0.1111,,17,10,0.3704,,24,3,0.1111,,27,0,0.0000,
1745,29,35,-6,0.2069,,18,11,0.3793,,35,-6,0.2069,,36,-7,0.2414,
1746,27,27,0,0.0000,,18,9,0.3333,,31,-4,0.1481,,33,-6,0.2222,
1747,30,30,0,0.0000,,19,11,0.3667,,30,0,0.0000,,31,-1,0.0333,
1748,28,29,-1,0.0357,,22,6,0.2143,,30,-2,0.0714,,31,-3,0.1071,
1749,31,26,5,0.1613,,20,11,0.3548,,28,3,0.0968,,29,2,0.0645,
1750,28,28,0,0.0000,,20,8,0.2857,,28,0,0.0000,,31,-3,0.1071,
1751,28,27,1,0.0357,,21,7,0.2500,,29,-1,0.0357,,34,-6,0.2143,
1752,27,26,1,0.0370,,20,7,0.2593,,26,1,0.0370,,26,1,0.0370,
1753,28,26,2,0.0714,,20,8,0.2857,,26,2,0.0714,,27,1,0.0357,
1754,32,31,1,0.0313,,24,8,0.2500,,32,0,0.0000,,33,-1,0.0313,
1755,30,29,1,0.0333,,22,8,0.2667,,31,-1,0.0333,,33,-3,0.1000,
1756,32,31,1,0.0313,,19,13,0.4063,,31,1,0.0313,,31,1,0.0313,
1757,30,26,4,0.1333,,19,11,0.3667,,26,4,0.1333,,29,1,0.0333,
1758,30,28,2,0.0667,,16,14,0.4667,,28,2,0.0667,,29,1,0.0333,
1759,26,30,-4,0.1538,,20,6,0.2308,,30,-4,0.1538,,35,-9,0.3462,
1760,26,29,-3,0.1154,,19,7,0.2692,,29,-3,0.1154,,31,-5,0.1923,
1761,23,28,-5,0.2174,,18,5,0.2174,,28,-5,0.2174,,32,-9,0.3913,
1762,25,29,-4,0.1600,,20,5,0.2000,,30,-5,0.2000,,33,-8,0.3200,
1763,27,25,2,0.0741,,17,10,0.3704,,26,1,0.0370,,27,0,0.0000,
1764,26,28,-2,0.0769,,19,7,0.2692,,28,-2,0.0769,,29,-3,0.1154,
1765,25,20,5,0.2000,,16,9,0.3600,,21,4,0.1600,,26,-1,0.0400,
1766,24,23,1,0.0417,,17,7,0.2917,,23,1,0.0417,,26,-2,0.0833,
1767,22,25,-3,0.1364,,17,5,0.2273,,26,-4,0.1818,,30,-8,0.3636,
1768,20,23,-3,0.1500,,16,4,0.2000,,24,-4,0.2000,,27,-7,0.3500,
1769,20,28,-8,0.4000,,14,6,0.3000,,30,-10,0.5000,,34,-14,0.7000,
1770,20,23,-3,0.1500,,13,7,0.3500,,24,-4,0.2000,,28,-8,0.4000,
1771,21,29,-8,0.3810,,17,4,0.1905,,29,-8,0.3810,,33,-12,0.5714,
1772,21,26,-5,0.2381,,18,3,0.1429,,27,-6,0.2857,,28,-7,0.3333,
1773,26,22,4,0.1538,,17,9,0.3462,,24,2,0.0769,,28,-2,0.0769,
1774,27,24,3,0.1111,,18,9,0.3333,,24,3,0.1111,,25,2,0.0741,
1775,30,28,2,0.0667,,19,11,0.3667,,28,2,0.0667,,30,0,0.0000,
1776,30,29,1,0.0333,,19,11,0.3667,,29,1,0.0333,,31,-1,0.0333,
1777,34,28,6,0.1765,,21,13,0.3824,,29,5,0.1471,,32,2,0.0588,
1778,29,25,4,0.1379,,19,10,0.3448,,26,3,0.1034,,30,-1,0.0345,
1779,30,27,3,0.1000,,20,10,0.3333,,27,3,0.1000,,29,1,0.0333,
1780,29,29,0,0.0000,,24,5,0.1724,,29,0,0.0000,,31,-2,0.0690,
1781,31,30,1,0.0323,,21,10,0.3226,,31,0,0.0000,,33,-2,0.0645,
1782,35,30,5,0.1429,,22,13,0.3714,,32,3,0.0857,,34,1,0.0286,
1783,34,32,2,0.0588,,24,10,0.2941,,32,2,0.0588,,33,1,0.0294,
1784,36,27,9,0.2500,,21,15,0.4167,,30,6,0.1667,,31,5,0.1389,
1785,37,32,5,0.1351,,20,17,0.4595,,32,5,0.1351,,33,4,0.1081,
1786,38,32,6,0.1579,,18,20,0.5263,,33,5,0.1316,,37,1,0.0263,
1787,31,33,-2,0.0645,,19,12,0.3871,,33,-2,0.0645,,36,-5,0.1613,
1788,28,35,-7,0.2500,,22,6,0.2143,,36,-8,0.2857,,41,-13,0.4643,
1789,27,33,-6,0.2222,,17,10,0.3704,,35,-8,0.2963,,35,-8,0.2963,
1790,25,29,-4,0.1600,,15,10,0.4000,,29,-4,0.1600,,34,-9,0.3600,
1791,27,26,1,0.0370,,19,8,0.2963,,27,0,0.0000,,32,-5,0.1852,
1792,27,36,-9,0.3333,,18,9,0.3333,,36,-9,0.3333,,40,-13,0.4815,
1793,32,41,-9,0.2813,,23,9,0.2813,,42,-10,0.3125,,44,-12,0.3750,
1794,31,32,-1,0.0323,,22,9,0.2903,,33,-2,0.0645,,37,-6,0.1935,
1795,26,36,-10,0.3846,,22,4,0.1538,,36,-10,0.3846,,40,-14,0.5385,
1796,25,28,-3,0.1200,,19,6,0.2400,,29,-4,0.1600,,31,-6,0.2400,
1797,28,36,-8,0.2857,,21,7,0.2500,,36,-8,0.2857,,41,-13,0.4643,
1798,28,28,0,0.0000,,18,10,0.3571,,28,0,0.0000,,32,-4,0.1429,
1799,30,27,3,0.1000,,18,12,0.4000,,27,3,0.1000,,29,1,0.0333,
1800,33,26,7,0.2121,,20,13,0.3939,,26,7,0.2121,,26,7,0.2121,
1801,31,27,4,0.1290,,22,9,0.2903,,27,4,0.1290,,27,4,0.1290,
1802,34,26,8,0.2353,,18,16,0.4706,,26,8,0.2353,,29,5,0.1471,
1803,29,32,-3,0.1034,,18,11,0.3793,,35,-6,0.2069,,37,-8,0.2759,
1804,32,29,3,0.0938,,18,14,0.4375,,30,2,0.0625,,32,0,0.0000,
1805,31,28,3,0.0968,,20,11,0.3548,,29,2,0.0645,,30,1,0.0323,
1806,30,27,3,0.1000,,20,10,0.3333,,27,3,0.1000,,29,1,0.0333,
1807,30,31,-1,0.0333,,18,12,0.4000,,32,-2,0.0667,,34,-4,0.1333,
1808,29,27,2,0.0690,,21,8,0.2759,,27,2,0.0690,,32,-3,0.1034,
1809,33,30,3,0.0909,,22,11,0.3333,,30,3,0.0909,,33,0,0.0000,
1810,39,30,9,0.2308,,21,18,0.4615,,31,8,0.2051,,37,2,0.0513,
1811,41,28,13,0.3171,,22,19,0.4634,,29,12,0.2927,,29,12,0.2927,
1812,39,34,5,0.1282,,26,13,0.3333,,34,5,0.1282,,34,5,0.1282,
1813,37,32,5,0.1351,,25,12,0.3243,,34,3,0.0811,,35,2,0.0541,
1814,38,32,6,0.1579,,25,13,0.3421,,32,6,0.1579,,34,4,0.1053,
1815,34,31,3,0.0882,,23,11,0.3235,,31,3,0.0882,,34,0,0.0000,
1816,33,30,3,0.0909,,24,9,0.2727,,30,3,0.0909,,30,3,0.0909,
1817,32,32,0,0.0000,,21,11,0.3438,,32,0,0.0000,,33,-1,0.0313,
1818,30,26,4,0.1333,,18,12,0.4000,,26,4,0.1333,,28,2,0.0667,
1819,33,31,2,0.0606,,18,15,0.4545,,35,-2,0.0606,,38,-5,0.1515,
1820,35,35,0,0.0000,,23,12,0.3429,,35,0,0.0000,,39,-4,0.1143,
1821,37,34,3,0.0811,,18,19,0.5135,,36,1,0.0270,,37,0,0.0000,
1822,35,36,-1,0.0286,,21,14,0.4000,,38,-3,0.0857,,39,-4,0.1143,
1823,36,35,1,0.0278,,22,14,0.3889,,35,1,0.0278,,41,-5,0.1389,
1824,34,32,2,0.0588,,21,13,0.3824,,33,1,0.0294,,34,0,0.0000,
1825,33,29,4,0.1212,,23,10,0.3030,,31,2,0.0606,,33,0,0.0000,
1826,32,25,7,0.2188,,22,10,0.3125,,25,7,0.2188,,32,0,0.0000,
1827,32,31,1,0.0313,,21,11,0.3438,,32,0,0.0000,,35,-3,0.0938,
1828,32,33,-1,0.0313,,18,14,0.4375,,34,-2,0.0625,,35,-3,0.0938,
1829,35,32,3,0.0857,,20,15,0.4286,,33,2,0.0571,,34,1,0.0286,
1830,35,30,5,0.1429,,22,13,0.3714,,32,3,0.0857,,35,0,0.0000,
1831,36,28,8,0.2222,,21,15,0.4167,,30,6,0.1667,,32,4,0.1111,
1832,35,33,2,0.0571,,21,14,0.4000,,33,2,0.0571,,35,0,0.0000,
1833,31,28,3,0.0968,,17,14,0.4516,,28,3,0.0968,,29,2,0.0645,
1834,32,27,5,0.1563,,14,18,0.5625,,28,4,0.1250,,31,1,0.0313,
1835,31,30,1,0.0323,,19,12,0.3871,,33,-2,0.0645,,36,-5,0.1613,
1836,30,29,1,0.0333,,17,13,0.4333,,31,-1,0.0333,,32,-2,0.0667,
1837,32,29,3,0.0938,,22,10,0.3125,,30,2,0.0625,,32,0,0.0000,
1838,34,29,5,0.1471,,21,13,0.3824,,31,3,0.0882,,33,1,0.0294,
1839,37,34,3,0.0811,,21,16,0.4324,,34,3,0.0811,,35,2,0.0541,
1840,39,36,3,0.0769,,24,15,0.3846,,39,0,0.0000,,42,-3,0.0769,
1841,40,31,9,0.2250,,19,21,0.5250,,34,6,0.1500,,40,0,0.0000,
1842,37,28,9,0.2432,,18,19,0.5135,,30,7,0.1892,,33,4,0.1081,
1843,39,29,10,0.2564,,18,21,0.5385,,30,9,0.2308,,32,7,0.1795,
1844,43,31,12,0.2791,,20,23,0.5349,,31,12,0.2791,,33,10,0.2326,
1845,37,35,2,0.0541,,20,17,0.4595,,35,2,0.0541,,40,-3,0.0811,
1846,37,34,3,0.0811,,21,16,0.4324,,34,3,0.0811,,36,1,0.0270,
1847,36,31,5,0.1389,,23,13,0.3611,,32,4,0.1111,,33,3,0.0833,
1848,41,31,10,0.2439,,21,20,0.4878,,31,10,0.2439,,37,4,0.0976,
1849,44,33,11,0.2500,,20,24,0.5455,,33,11,0.2500,,36,8,0.1818,
1850,45,30,15,0.3333,,17,28,0.6222,,30,15,0.3333,,32,13,0.2889,
1851,44,34,10,0.2273,,19,25,0.5682,,35,9,0.2045,,39,5,0.1136,
1852,41,35,6,0.1463,,23,18,0.4390,,35,6,0.1463,,38,3,0.0732,
1853,43,34,9,0.2093,,23,20,0.4651,,34,9,0.2093,,35,8,0.1860,
1854,44,31,13,0.2955,,24,20,0.4545,,32,12,0.2727,,35,9,0.2045,
1855,38,31,7,0.1842,,19,19,0.5000,,31,7,0.1842,,31,7,0.1842,
1856,37,26,11,0.2973,,22,15,0.4054,,27,10,0.2703,,30,7,0.1892,
1857,33,28,5,0.1515,,21,12,0.3636,,29,4,0.1212,,30,3,0.0909,
1858,32,27,5,0.1563,,21,11,0.3438,,27,5,0.1563,,31,1,0.0313,
1859,31,29,2,0.0645,,22,9,0.2903,,30,1,0.0323,,34,-3,0.0968,
1860,31,25,6,0.1935,,18,13,0.4194,,25,6,0.1935,,27,4,0.1290,
1861,30,28,2,0.0667,,18,12,0.4000,,28,2,0.0667,,31,-1,0.0333,
1862,34,29,5,0.1471,,23,11,0.3235,,30,4,0.1176,,31,3,0.0882,
1863,36,29,7,0.1944,,19,17,0.4722,,29,7,0.1944,,31,5,0.1389,
1864,33,32,1,0.0303,,19,14,0.4242,,32,1,0.0303,,34,-1,0.0303,
1865,32,29,3,0.0938,,20,12,0.3750,,30,2,0.0625,,33,-1,0.0313,
1866,32,26,6,0.1875,,16,16,0.5000,,27,5,0.1563,,28,4,0.1250,
1867,27,23,4,0.1481,,14,13,0.4815,,23,4,0.1481,,26,1,0.0370,
1868,29,26,3,0.1034,,15,14,0.4828,,27,2,0.0690,,29,0,0.0000,
1869,30,34,-4,0.1333,,20,10,0.3333,,36,-6,0.2000,,39,-9,0.3000,
1870,35,30,5,0.1429,,20,15,0.4286,,30,5,0.1429,,33,2,0.0571,
1871,40,36,4,0.1000,,23,17,0.4250,,36,4,0.1000,,39,1,0.0250,
1872,41,33,8,0.1951,,23,18,0.4390,,34,7,0.1707,,38,3,0.0732,
1873,44,36,8,0.1818,,20,24,0.5455,,37,7,0.1591,,38,6,0.1364,
1874,42,34,8,0.1905,,23,19,0.4524,,34,8,0.1905,,34,8,0.1905,
1875,36,30,6,0.1667,,20,16,0.4444,,30,6,0.1667,,32,4,0.1111,
1876,37,32,5,0.1351,,22,15,0.4054,,33,4,0.1081,,36,1,0.0270,
1877,35,34,1,0.0286,,18,17,0.4857,,36,-1,0.0286,,37,-2,0.0571,
1878,40,33,7,0.1750,,22,18,0.4500,,34,6,0.1500,,38,2,0.0500,
1879,40,34,6,0.1500,,22,18,0.4500,,34,6,0.1500,,38,2,0.0500,
1880,42,34,8,0.1905,,29,13,0.3095,,34,8,0.1905,,38,4,0.0952,
1881,45,34,11,0.2444,,24,21,0.4667,,34,11,0.2444,,38,7,0.1556,
1882,42,30,12,0.2857,,24,18,0.4286,,30,12,0.2857,,33,9,0.2143,
1883,39,33,6,0.1538,,23,16,0.4103,,34,5,0.1282,,34,5,0.1282,
1884,33,31,2,0.0606,,21,12,0.3636,,32,1,0.0303,,34,-1,0.0303,
1885,35,33,2,0.0571,,19,16,0.4571,,34,1,0.0286,,38,-3,0.0857,
1886,35,30,5,0.1429,,21,14,0.4000,,31,4,0.1143,,36,-1,0.0286,
1887,39,35,4,0.1026,,21,18,0.4615,,35,4,0.1026,,38,1,0.0256,
1888,33,29,4,0.1212,,24,9,0.2727,,30,3,0.0909,,31,2,0.0606,
1889,33,32,1,0.0303,,19,14,0.4242,,32,1,0.0303,,33,0,0.0000,
1890,35,34,1,0.0286,,19,16,0.4571,,36,-1,0.0286,,37,-2,0.0571,
1891,31,28,3,0.0968,,19,12,0.3871,,30,1,0.0323,,33,-2,0.0645,
1892,30,27,3,0.1000,,21,9,0.3000,,28,2,0.0667,,30,0,0.0000,
1893,26,34,-8,0.3077,,19,7,0.2692,,36,-10,0.3846,,40,-14,0.5385,
1894,26,27,-1,0.0385,,17,9,0.3462,,28,-2,0.0769,,31,-5,0.1923,
1895,26,23,3,0.1154,,16,10,0.3846,,25,1,0.0385,,27,-1,0.0385,
1896,28,26,2,0.0714,,19,9,0.3214,,26,2,0.0714,,30,-2,0.0714,
1897,27,24,3,0.1111,,17,10,0.3704,,25,2,0.0741,,27,0,0.0000,
1898,27,20,7,0.2593,,15,12,0.4444,,20,7,0.2593,,24,3,0.1111,
1899,27,27,0,0.0000,,16,11,0.4074,,28,-1,0.0370,,34,-7,0.2593,
1900,26,30,-4,0.1538,,16,10,0.3846,,31,-5,0.1923,,35,-9,0.3462,
1901,30,32,-2,0.0667,,20,10,0.3333,,34,-4,0.1333,,36,-6,0.2000,
1902,31,35,-4,0.1290,,22,9,0.2903,,36,-5,0.1613,,37,-6,0.1935,
1903,30,31,-1,0.0333,,19,11,0.3667,,31,-1,0.0333,,38,-8,0.2667,
1904,30,33,-3,0.1000,,18,12,0.4000,,33,-3,0.1000,,35,-5,0.1667,
1905,33,28,5,0.1515,,17,16,0.4848,,28,5,0.1515,,31,2,0.0606,
1906,35,27,8,0.2286,,21,14,0.4000,,28,7,0.2000,,30,5,0.1429,
1907,32,29,3,0.0938,,16,16,0.5000,,30,2,0.0625,,32,0,0.0000,
1908,26,26,0,0.0000,,13,13,0.5000,,26,0,0.0000,,29,-3,0.1154,
1909,30,28,2,0.0667,,15,15,0.5000,,30,0,0.0000,,31,-1,0.0333,
1910,28,32,-4,0.1429,,20,8,0.2857,,32,-4,0.1429,,33,-5,0.1786,
1911,29,29,0,0.0000,,18,11,0.3793,,31,-2,0.0690,,32,-3,0.1034,
1912,28,31,-3,0.1071,,21,7,0.2500,,31,-3,0.1071,,33,-5,0.1786,
1913,27,26,1,0.0370,,18,9,0.3333,,26,1,0.0370,,28,-1,0.0370,
1914,26,30,-4,0.1538,,20,6,0.2308,,30,-4,0.1538,,32,-6,0.2308,
1915,29,31,-2,0.0690,,20,9,0.3103,,32,-3,0.1034,,35,-6,0.2069,
1916,30,25,5,0.1667,,16,14,0.4667,,27,3,0.1000,,28,2,0.0667,
1917,30,30,0,0.0000,,18,12,0.4000,,31,-1,0.0333,,34,-4,0.1333,
1918,27,25,2,0.0741,,18,9,0.3333,,25,2,0.0741,,28,-1,0.0370,
1919,30,25,5,0.1667,,18,12,0.4000,,26,4,0.1333,,32,-2,0.0667,
1920,32,29,3,0.0938,,18,14,0.4375,,29,3,0.0938,,31,1,0.0313,
1921,33,33,0,0.0000,,20,13,0.3939,,34,-1,0.0303,,34,-1,0.0303,
1922,28,31,-3,0.1071,,17,11,0.3929,,31,-3,0.1071,,34,-6,0.2143,
1923,29,27,2,0.0690,,20,9,0.3103,,29,0,0.0000,,32,-3,0.1034,
1924,30,29,1,0.0333,,20,10,0.3333,,29,1,0.0333,,32,-2,0.0667,
1925,29,24,5,0.1724,,19,10,0.3448,,24,5,0.1724,,27,2,0.0690,
1926,35,29,6,0.1714,,20,15,0.4286,,29,6,0.1714,,31,4,0.1143,
1927,34,32,2,0.0588,,20,14,0.4118,,32,2,0.0588,,34,0,0.0000,
1928,33,25,8,0.2424,,19,14,0.4242,,26,7,0.2121,,26,7,0.2121,
1929,31,25,6,0.1935,,18,13,0.4194,,26,5,0.1613,,27,4,0.1290,
1930,35,29,6,0.1714,,15,20,0.5714,,29,6,0.1714,,30,5,0.1429,
1931,28,25,3,0.1071,,18,10,0.3571,,26,2,0.0714,,29,-1,0.0357,
1932,29,23,6,0.2069,,18,11,0.3793,,23,6,0.2069,,25,4,0.1379,
1933,26,23,3,0.1154,,16,10,0.3846,,25,1,0.0385,,25,1,0.0385,
1934,25,23,2,0.0800,,16,9,0.3600,,23,2,0.0800,,24,1,0.0400,
1935,28,23,5,0.1786,,18,10,0.3571,,23,5,0.1786,,28,0,0.0000,
1936,31,29,2,0.0645,,17,14,0.4516,,29,2,0.0645,,31,0,0.0000,
1937,29,21,8,0.2759,,17,12,0.4138,,21,8,0.2759,,24,5,0.1724,
1938,29,27,2,0.0690,,20,9,0.3103,,27,2,0.0690,,27,2,0.0690,
1939,30,25,5,0.1667,,18,12,0.4000,,26,4,0.1333,,26,4,0.1333,
1940,30,34,-4,0.1333,,20,10,0.3333,,35,-5,0.1667,,38,-8,0.2667,
1941,30,26,4,0.1333,,17,13,0.4333,,28,2,0.0667,,30,0,0.0000,
1942,28,29,-1,0.0357,,21,7,0.2500,,29,-1,0.0357,,30,-2,0.0714,
1943,29,32,-3,0.1034,,20,9,0.3103,,33,-4,0.1379,,34,-5,0.1724,
1944,26,26,0,0.0000,,21,5,0.1923,,27,-1,0.0385,,30,-4,0.1538,
1945,25,31,-6,0.2400,,21,4,0.1600,,32,-7,0.2800,,32,-7,0.2800,
1946,25,30,-5,0.2000,,19,6,0.2400,,30,-5,0.2000,,31,-6,0.2400,
1947,25,24,1,0.0400,,19,6,0.2400,,25,0,0.0000,,26,-1,0.0400,
1948,24,26,-2,0.0833,,16,8,0.3333,,26,-2,0.0833,,26,-2,0.0833,
1949,24,29,-5,0.2083,,17,7,0.2917,,30,-6,0.2500,,34,-10,0.4167,
1950,27,28,-1,0.0370,,19,8,0.2963,,28,-1,0.0370,,30,-3,0.1111,
1951,30,28,2,0.0667,,22,8,0.2667,,28,2,0.0667,,29,1,0.0333,
1952,32,31,1,0.0313,,24,8,0.2500,,31,1,0.0313,,32,0,0.0000,
1953,29,29,0,0.0000,,21,8,0.2759,,30,-1,0.0345,,33,-4,0.1379,
1954,27,27,0,0.0000,,16,11,0.4074,,28,-1,0.0370,,32,-5,0.1852,
1955,28,26,2,0.0714,,19,9,0.3214,,26,2,0.0714,,30,-2,0.0714,
1956,32,25,7,0.2188,,22,10,0.3125,,26,6,0.1875,,29,3,0.0938,
1957,33,28,5,0.1515,,23,10,0.3030,,28,5,0.1515,,30,3,0.0909,
1958,32,31,1,0.0313,,22,10,0.3125,,31,1,0.0313,,33,-1,0.0313,
1959,28,22,6,0.2143,,16,12,0.4286,,24,4,0.1429,,26,2,0.0714,
1960,27,23,4,0.1481,,16,11,0.4074,,23,4,0.1481,,27,0,0.0000,
1961,26,28,-2,0.0769,,18,8,0.3077,,29,-3,0.1154,,30,-4,0.1538,
1962,28,26,2,0.0714,,18,10,0.3571,,27,1,0.0357,,28,0,0.0000,
1963,26,25,1,0.0385,,16,10,0.3846,,25,1,0.0385,,28,-2,0.0769,
1964,28,26,2,0.0714,,19,9,0.3214,,28,0,0.0000,,30,-2,0.0714,
1965,29,30,-1,0.0345,,19,10,0.3448,,31,-2,0.0690,,34,-5,0.1724,
1966,30,35,-5,0.1667,,19,11,0.3667,,35,-5,0.1667,,36,-6,0.2000,
1967,30,35,-5,0.1667,,20,10,0.3333,,37,-7,0.2333,,40,-10,0.3333,
1968,28,29,-1,0.0357,,19,9,0.3214,,29,-1,0.0357,,31,-3,0.1071,
1969,29,25,4,0.1379,,15,14,0.4828,,26,3,0.1034,,27,2,0.0690,
1970,29,25,4,0.1379,,18,11,0.3793,,25,4,0.1379,,29,0,0.0000,
1971,25,22,3,0.1200,,14,11,0.4400,,23,2,0.0800,,24,1,0.0400,
1972,30,27,3,0.1000,,18,12,0.4000,,27,3,0.1000,,30,0,0.0000,
1973,29,29,0,0.0000,,18,11,0.3793,,29,0,0.0000,,29,0,0.0000,
1974,28,25,3,0.1071,,19,9,0.3214,,26,2,0.0714,,28,0,0.0000,
1975,28,30,-2,0.0714,,19,9,0.3214,,30,-2,0.0714,,32,-4,0.1429,
1976,27,27,0,0.0000,,21,6,0.2222,,29,-2,0.0741,,32,-5,0.1852,
1977,27,25,2,0.0741,,21,6,0.2222,,25,2,0.0741,,26,1,0.0370,
1978,30,31,-1,0.0333,,16,14,0.4667,,31,-1,0.0333,,32,-2,0.0667,
1979,30,28,2,0.0667,,17,13,0.4333,,29,1,0.0333,,31,-1,0.0333,
1980,30,28,2,0.0667,,20,10,0.3333,,28,2,0.0667,,31,-1,0.0333,
1981,30,25,5,0.1667,,18,12,0.4000,,25,5,0.1667,,27,3,0.1000,
1982,29,26,3,0.1034,,17,12,0.4138,,26,3,0.1034,,28,1,0.0345,
1983,34,27,7,0.2059,,21,13,0.3824,,29,5,0.1471,,29,5,0.1471,
1984,33,34,-1,0.0303,,19,14,0.4242,,34,-1,0.0303,,34,-1,0.0303,
1985,35,34,1,0.0286,,25,10,0.2857,,35,0,0.0000,,36,-1,0.0286,
1986,36,33,3,0.0833,,22,14,0.3889,,33,3,0.0833,,35,1,0.0278,
1987,31,31,0,0.0000,,20,11,0.3548,,31,0,0.0000,,32,-1,0.0323,
1988,26,25,1,0.0385,,20,6,0.2308,,25,1,0.0385,,27,-1,0.0385,
1989,26,28,-2,0.0769,,19,7,0.2692,,29,-3,0.1154,,31,-5,0.1923,
1990,26,28,-2,0.0769,,16,10,0.3846,,28,-2,0.0769,,30,-4,0.1538,
1991,28,25,3,0.1071,,17,11,0.3929,,26,2,0.0714,,29,-1,0.0357,
1992,28,26,2,0.0714,,14,14,0.5000,,26,2,0.0714,,28,0,0.0000,
1993,28,26,2,0.0714,,17,11,0.3929,,28,0,0.0000,,30,-2,0.0714,
1994,28,31,-3,0.1071,,15,13,0.4643,,31,-3,0.1071,,32,-4,0.1429,
1995,29,26,3,0.1034,,17,12,0.4138,,27,2,0.0690,,28,1,0.0345,
1996,27,22,5,0.1852,,15,12,0.4444,,24,3,0.1111,,26,1,0.0370,
1997,27,22,5,0.1852,,19,8,0.2963,,23,4,0.1481,,26,1,0.0370,
1998,25,24,1,0.0400,,15,10,0.4000,,24,1,0.0400,,24,1,0.0400,
1999,26,26,0,0.0000,,14,12,0.4615,,26,0,0.0000,,29,-3,0.1154,
2000,26,26,0,0.0000,,16,10,0.3846,,27,-1,0.0385,,28,-2,0.0769,
,,,,,0.144716299,,,,0.3580,,,,0.140944674,,,,0.139904021
